dyn_star2;lake.pgm;3;9;8.426168245546553;26.069103699353274;1.0266229776776572;11.709886547811994;73
dyn_star2;peppers.pgm;3;9;5.899766450365841;29.08249419493382;1.0719440192433851;12.397521448999047;35
dyn_star2;peppers.pgm;3;9;5.783527954251085;29.02044062957209;1.0668342761366016;11.937763906737654;67
dyn_star2;peppers.pgm;3;9;5.7728819817092285;29.01784741230591;1.0575795644891122;11.937763906737654;66
dyn_star2;peppers.pgm;3;9;5.819608503275089;29.10070828453808;1.083442838370565;12.42357661444402;33
dyn_star2;peppers.pgm;3;9;5.764685720064978;29.0461467163715;1.0386116245635655;11.74160346695558;73
dyn_star2;peppers.pgm;3;9;5.767600921919903;29.00880351678599;1.0630762782900252;11.946536836303508;82
dyn_star2;peppers.pgm;3;9;5.738598521526641;29.072228053807947;1.0731759200170177;12.095424107142858;118
dyn_star2;lake.pgm;3;9;8.404262914899165;26.124344562170485;1.032258064516129;11.752213988794505;37
dyn_star2;peppers.pgm;3;9;5.756161694686214;29.0214338672916;1.066778312748587;11.944342395297575;60
dyn_star2;peppers.pgm;3;9;5.796543628578685;29.056768483677065;1.0723613787197601;12.172407338075628;63
dyn_star2;peppers.pgm;3;9;5.759558934552846;29.029138502472836;1.0606760445097627;11.953125;101
dyn_star2;peppers.pgm;3;9;5.77015133585114;29.07913977889811;1.0594457372540724;12.050593031875463;59
dyn_star2;peppers.pgm;3;9;5.756161694686214;29.0214338672916;1.066778312748587;11.944342395297575;60
dyn_star2;peppers.pgm;3;9;5.765096009983233;29.03273560183827;1.0534936761351856;11.827028010185522;144
dyn_star2;peppers.pgm;3;9;5.762716341918468;29.070553340292715;1.0607851414098777;12.014966740576497;62
dyn_star2;lake.pgm;3;9;8.410731527944934;26.10687738568997;1.0435944889985607;11.760716223548561;16
dyn_star2;peppers.pgm;3;9;5.739001304499797;29.068013207911005;1.0551608859172588;11.92025664527956;83
dyn_star2;peppers.pgm;3;9;5.767793009057161;29.028896008974748;1.0559382174911291;11.91370465371931;66
dyn_star2;peppers.pgm;3;9;5.7188326535367136;29.081746682761278;1.0565136089756908;11.852898286547576;89
dyn_star2;peppers.pgm;3;9;5.819608503275089;29.10070828453808;1.083442838370565;12.42357661444402;33
dyn_star2;peppers.pgm;3;9;5.75717327500166;29.0055458985359;1.0392718347310288;11.695143884892087;65
dyn_star2;peppers.pgm;3;9;5.770775327813669;29.00061633715095;1.0837060702875398;12.124743613649077;59
dyn_star2;peppers.pgm;3;9;5.796837337395933;29.011821449142957;1.0591091408064175;12.0216306156406;115
dyn_star2;lake.pgm;3;9;8.426349088273499;26.109344403874452;1.0482657751776014;11.92025664527956;26
dyn_star2;peppers.pgm;3;9;5.754763564766456;29.155289378662054;1.0767401642888024;12.268867924528301;100
dyn_star2;peppers.pgm;3;9;5.74113465721814;29.067214584981794;1.059823677581864;11.959720434062902;101
dyn_star2;peppers.pgm;3;9;5.762716341918468;29.070553340292715;1.0689068481497235;12.095424107142858;62
dyn_star2;peppers.pgm;3;9;5.756079520027261;29.015296325455964;1.073737587154025;12.028301886792454;61
dyn_star2;peppers.pgm;3;9;5.765571227322411;29.016459582189007;1.0593730537679054;11.84642011295318;146
dyn_star2;peppers.pgm;3;9;5.792686253225617;29.055357606359323;1.0703357416064598;12.088678192972672;69
dyn_star2;peppers.pgm;3;9;5.840792276059149;29.0154321067321;1.044934470563761;11.870208105147864;59
dyn_star2;lake.pgm;3;9;8.409065922630962;26.092605584041202;1.0334211059347782;11.599179450588656;86
dyn_star2;lake.pgm;3;9;8.376739035257058;26.131811456626707;1.0392399834779016;11.792709466811752;52
dyn_star2;peppers.pgm;3;9;5.787014442506274;28.992257336207974;1.0650252525252526;12.001661129568106;114
dyn_star2;peppers.pgm;3;9;5.764685720064978;29.0461467163715;1.0469979296066252;11.824877250409166;74
dyn_star2;peppers.pgm;3;9;5.763197085759169;29.060490382409903;1.0715197956577267;12.099925567547452;125
dyn_star2;peppers.pgm;3;9;5.783527954251085;29.02044062957209;1.0668342761366016;11.937763906737654;67
dyn_star2;peppers.pgm;3;9;5.878449758258213;29.10268219763862;1.0938057040998217;12.606630476929043;35
dyn_star2;peppers.pgm;3;9;5.757877955772932;29.06260911602076;1.0505302557704304;11.8745434623813;88
dyn_star2;lake.pgm;3;9;8.390421726358172;26.122934924223;1.051702657807309;11.852898286547576;17
dyn_star2;lake.pgm;3;9;8.378229700150177;26.125897626683106;1.0351738241308794;11.688836958475642;18
dyn_star2;peppers.pgm;3;9;5.8195364473405125;29.009835699727006;1.0551724137931036;11.911522256823593;60
dyn_star2;peppers.pgm;3;9;5.765096009983233;29.03273560183827;1.0534936761351856;11.827028010185522;144
dyn_star2;peppers.pgm;3;9;5.765096009983233;29.03273560183827;1.0534936761351856;11.827028010185522;144
dyn_star2;peppers.pgm;3;9;5.7203955151264765;29.084499543769784;1.067425200168563;12.001661129568106;102
dyn_star2;peppers.pgm;3;9;5.806119923164339;29.033340668573473;1.0758590879619625;12.271183242121156;63
dyn_star2;peppers.pgm;3;9;5.748908128230619;29.040363524165045;1.0524344569288389;11.870208105147864;58
dyn_star2;lake.pgm;3;9;8.389405277740513;26.11902666090093;1.0178786661309762;11.519043401240035;81
dyn_star2;lake.pgm;3;9;8.426168245546553;26.069103699353274;1.0355298492047098;11.799129014697877;73
dyn_star2;peppers.pgm;3;9;5.757877955772932;29.06260911602076;1.0575675109901612;11.944342395297575;88
dyn_star2;peppers.pgm;3;9;5.856535076819031;29.068418050330752;1.0474984167194428;12.034980566352028;33
dyn_star2;peppers.pgm;3;9;5.899766450365841;29.08249419493382;1.0719440192433851;12.397521448999047;35
dyn_star2;peppers.pgm;3;9;5.770775327813669;29.00061633715095;1.071157894736842;12.001661129568106;60
dyn_star2;peppers.pgm;3;9;5.783527954251085;29.02044062957209;1.0668342761366016;11.937763906737654;67
dyn_star2;peppers.pgm;3;9;5.738598521526641;29.072228053807947;1.0731759200170177;12.095424107142858;118
dyn_star2;lake.pgm;3;9;8.424416897212623;26.103027629701046;1.0369837682350524;11.74160346695558;36
dyn_star2;lake.pgm;3;9;8.404262914899165;26.124344562170485;1.032258064516129;11.752213988794505;37
dyn_star2;peppers.pgm;3;9;5.762716341918468;29.070553340292715;1.0657336726039015;12.064007421150277;62
dyn_star2;peppers.pgm;3;9;5.77015133585114;29.07913977889811;1.0594457372540724;12.050593031875463;59
dyn_star2;peppers.pgm;3;9;5.79677452132644;29.059227443589045;1.0588360237892949;12.088678192972672;69
dyn_star2;peppers.pgm;3;9;5.745321955615922;29.028239121313938;1.0565018695471542;11.852898286547576;60
dyn_star2;peppers.pgm;3;9;5.725743555208111;29.06454661030129;1.0493673511719561;11.844262295081966;106
dyn_star2;peppers.pgm;3;9;5.765096009983233;29.03273560183827;1.0534936761351856;11.827028010185522;144
dyn_star2;lake.pgm;3;9;8.37673903524746;26.13181145663156;1.0336894001643386;11.737364620938628;52
dyn_star2;lake.pgm;3;9;8.410731527944934;26.10687738568997;1.0476878612716762;11.801270417422867;16
dyn_star2;peppers.pgm;3;9;5.7690204168636345;29.05098895083725;1.0457178320231693;11.822727272727272;67
dyn_star2;peppers.pgm;3;9;5.767600921919903;29.00880351678599;1.0630762782900252;11.946536836303508;82
dyn_star2;peppers.pgm;3;9;5.764685720064978;29.0461467163715;1.0326730651419236;11.682536830758174;73
dyn_star2;peppers.pgm;3;9;5.7827322736162285;29.120167590956644;1.0746397074639706;12.220447284345047;36
dyn_star2;peppers.pgm;3;9;5.787014442506274;28.992257336207974;1.0650252525252526;12.001661129568106;114
dyn_star2;peppers.pgm;3;9;5.783527954251085;29.02044062957209;1.0668342761366016;11.937763906737654;67
dyn_star2;peppers.pgm;3;9;5.759558934552846;29.029138502472836;1.0606760445097627;11.953125;101
dyn_star2;lake.pgm;3;9;8.42475719804662;26.102843247422367;1.0268839103869654;11.646963997850618;27
dyn_star2;lake.pgm;3;9;8.378229700150177;26.125897626683106;1.0351738241308794;11.688836958475642;18
dyn_star2;peppers.pgm;3;9;5.75393366448238;29.07981008282716;1.0625393494228752;11.966323150533677;58
dyn_star2;peppers.pgm;3;9;5.840586436715932;29.020586781264228;1.0890052356020943;12.371575342465754;61
dyn_star2;peppers.pgm;3;9;5.765571227322411;29.016459582189007;1.0593730537679054;11.84642011295318;146
dyn_star2;peppers.pgm;3;9;5.7203955151264765;29.084499543769784;1.067425200168563;12.001661129568106;102
dyn_star2;peppers.pgm;3;9;5.756079520027261;29.015296325455964;1.073737587154025;12.028301886792454;61
dyn_star2;peppers.pgm;3;9;5.7363480691779465;29.045534807654455;1.0654749532321763;11.861546880700475;70
dyn_star2;lake.pgm;3;9;8.409065922630962;26.092605584041202;1.0334211059347782;11.599179450588656;86
dyn_star2;lake.pgm;3;9;8.426168245546553;26.069103699353274;1.0220183486238532;11.663677130044842;73
dyn_star2;peppers.pgm;3;9;5.800731076587518;28.988121370298778;1.0643459915611815;12.014966740576497;61
dyn_star2;peppers.pgm;3;9;5.767600921974696;29.00880351679153;1.0653086938261236;11.968525676421866;84
dyn_star2;peppers.pgm;3;9;5.899766450365841;29.08249419493382;1.0719440192433851;12.397521448999047;35
dyn_star2;peppers.pgm;3;9;5.7363480691779465;29.045534807654455;1.0654749532321763;11.861546880700475;70
dyn_star2;peppers.pgm;3;9;5.77938490075201;29.014349061939257;1.0494344365312107;11.942148760330578;111
dyn_star2;peppers.pgm;3;9;5.745321955615922;29.028239121313938;1.0565018695471542;11.852898286547576;60
dyn_star2;lake.pgm;3;9;8.404262914899165;26.124344562170485;1.0284544524053225;11.714105566564584;37
dyn_star2;peppers.pgm;3;9;5.7203955151264765;29.084499543769784;1.067425200168563;12.001661129568106;102
dyn_star2;lake.pgm;3;9;8.390421726357898;26.12293492422252;1.0398275508109218;11.735246345425013;17
dyn_star2;peppers.pgm;3;9;5.752374360005997;29.079252097635553;1.0711111111111111;12.050593031875463;57
dyn_star2;peppers.pgm;3;9;5.762716341918468;29.070553340292715;1.0607851414098777;12.014966740576497;62
dyn_star2;peppers.pgm;3;9;5.8195364473405125;29.009835699727006;1.0551724137931036;11.911522256823593;60
dyn_star2;peppers.pgm;3;9;5.765096009983233;29.03273560183827;1.0534936761351856;11.827028010185522;144
dyn_star2;peppers.pgm;3;9;5.7399087902741925;29.07502099928811;1.0578581948243215;11.995019369120088;86
dyn_star2;lake.pgm;3;9;8.410731527944934;26.10687738568997;1.0466075479480306;11.790571169537625;16
dyn_star2;lake.pgm;3;9;8.41002011422494;26.125436327588872;1.0379694593479158;11.790571169537625;87
dyn_star2;peppers.pgm;3;9;5.770775327813669;29.00061633715095;1.071157894736842;12.001661129568106;60
dyn_star2;peppers.pgm;3;9;5.77938490075201;29.014349061939257;1.0494344365312107;11.942148760330578;111
dyn_star2;peppers.pgm;3;9;5.783527954251085;29.02044062957209;1.0668342761366016;11.937763906737654;67
dyn_star2;peppers.pgm;3;9;5.7399087902741925;29.07502099928811;1.0578581948243215;11.995019369120088;86
dyn_star2;peppers.pgm;3;9;5.878449758258213;29.10268219763862;1.0938057040998217;12.606630476929043;35
dyn_star2;peppers.pgm;3;9;5.748908128230619;29.040363524165045;1.0621587568248636;11.966323150533677;59
dyn_star2;lake.pgm;3;9;8.41700987701129;26.11515253137859;1.0516481209321855;11.968525676421866;27
dyn_star2;peppers.pgm;3;9;5.840586436715932;29.020586781264228;1.0890052356020943;12.371575342465754;61
dyn_star2;lake.pgm;3;9;8.387754691866348;26.11593470762031;1.0238239450837876;11.56205547652916;37
dyn_star2;peppers.pgm;3;9;5.7203955151264765;29.084499543769784;1.067425200168563;12.001661129568106;102
dyn_star2;peppers.pgm;3;9;5.787240051958931;28.999529404835958;1.0505675954592364;11.790571169537625;145
dyn_star2;peppers.pgm;3;9;5.730136437761425;29.023391300083944;1.08244793880153;12.095424107142858;63
dyn_star2;peppers.pgm;3;9;5.79677452132644;29.059227443589045;1.0588360237892949;12.088678192972672;69
dyn_star2;peppers.pgm;3;9;5.77938490075201;29.014349061939257;1.0494344365312107;11.942148760330578;111
dyn_star2;lake.pgm;3;9;8.409065922630964;26.09260558404122;1.0367811420442998;11.632379248658319;88
dyn_star2;peppers.pgm;3;9;5.757877955772932;29.06260911602076;1.0505302557704304;11.8745434623813;88
dyn_star2;lake.pgm;3;9;8.376739035266473;26.131811456643682;1.035177946924501;11.752213988794505;52
dyn_star2;peppers.pgm;3;9;5.770775327813669;29.00061633715095;1.071157894736842;12.001661129568106;60
dyn_star2;peppers.pgm;3;9;5.852834313593486;29.092451505013276;1.0645716745587601;12.234242709313264;35
dyn_star2;peppers.pgm;3;9;5.738598521526641;29.072228053807947;1.063672780940333;12.001661129568106;118
dyn_star2;peppers.pgm;3;9;5.765555652366564;29.080106926889677;1.0526425736369334;11.90715986083135;67
dyn_star2;lake.pgm;3;9;8.390421726358172;26.122934924223;1.051702657807309;11.852898286547576;17
dyn_star2;peppers.pgm;3;9;5.765571227322411;29.016459582189007;1.0487053020961776;11.74160346695558;147
dyn_star2;peppers.pgm;3;9;5.748908128230619;29.040363524165045;1.0524344569288389;11.870208105147864;58
dyn_star2;lake.pgm;3;9;8.378229700150177;26.125897626683106;1.0351738241308794;11.688836958475642;18
dyn_star2;peppers.pgm;3;9;5.840792276059149;29.0154321067321;1.044934470563761;11.870208105147864;59
dyn_star2;peppers.pgm;3;9;5.75393366448238;29.07981008282716;1.0625393494228752;11.966323150533677;58
dyn_star2;peppers.pgm;3;9;5.78181105162945;29.000518753404464;1.0521523178807948;11.822727272727272;142
dyn_star2;peppers.pgm;3;9;5.754763564766456;29.155289378662054;1.0767401642888024;12.268867924528301;100
dyn_star2;lake.pgm;3;9;8.410020113937945;26.125436327693986;1.0362587556654306;11.773492667028789;87
dyn_star2;lake.pgm;3;9;8.410731527944934;26.10687738568997;1.0397459536980127;11.722552731206058;16
dyn_star2;lake.pgm;3;9;8.376739035266159;26.131811456642975;1.0435503940273745;11.835638878776848;51
dyn_star2;lake.pgm;3;9;8.419998959535851;26.109479615704572;1.0281116316968832;11.663677130044842;87
dyn_star2;lake.pgm;3;9;8.426168245546553;26.069103699353274;1.0355298492047098;11.799129014697877;73
dyn_star2;aerial.pgm;3;9;8.977864083125136;26.528840338686905;0.9013784049885133;9.650489759572574;94
dyn_star2;aerial.pgm;3;9;9.000310819033457;26.53403549935422;0.89888194672805;9.670582986317669;65
dyn_star2;aerial.pgm;3;9;8.990986484036302;26.533568940115636;0.8963144963144963;9.636188500296385;102
dyn_star2;lake.pgm;3;9;8.387754691866348;26.11593470762031;1.0327902240325866;11.651137788926716;37
dyn_star2;lake.pgm;3;9;8.404358326668154;26.09833448399089;1.038635429510892;11.743724038287882;28
dyn_star2;lake.pgm;3;9;8.378229700150177;26.125897626683106;1.0351738241308794;11.688836958475642;18
dyn_star2;lake.pgm;3;9;8.390421726357898;26.12293492422252;1.0411099691675232;11.747967479674797;17
dyn_star2;lake.pgm;3;9;8.396936196548245;26.121427038988774;1.0291361043194784;11.674147217235188;35
dyn_star2;aerial.pgm;3;9;9.00428417510103;26.52095867786002;0.8988524590163934;9.63904536021346;84
dyn_star2;aerial.pgm;3;9;8.984317994858403;26.53417784177703;0.8962017026850033;9.633333333333333;30
dyn_star2;aerial.pgm;3;9;8.983795011683531;26.53211138402476;0.899672131147541;9.644764164936221;90
dyn_star2;lake.pgm;3;9;8.376739035257058;26.131811456626707;1.0392399834779016;11.792709466811752;52
dyn_star2;lake.pgm;3;9;8.419998959535851;26.109479615704572;1.0281116316968832;11.663677130044842;87
dyn_star2;lake.pgm;3;9;8.41176593624845;26.087130734980644;1.0246514447363104;11.56822629425369;75
dyn_star2;lake.pgm;3;9;8.389405277740513;26.11902666090093;1.0178786661309762;11.519043401240035;81
dyn_star2;lake.pgm;3;9;8.410731527944934;26.10687738568997;1.038894575230297;11.714105566564584;16
dyn_star2;aerial.pgm;3;9;8.990986484036302;26.533568940115636;0.8963144963144963;9.636188500296385;102
dyn_star2;aerial.pgm;3;9;8.98250390827538;26.522473728136656;0.8984106177289858;9.636188500296385;79
dyn_star2;aerial.pgm;3;9;9.03595550001018;26.517476256440307;0.8967435771559483;9.621929564960046;78
dyn_star2;lake.pgm;3;9;8.376100783611662;26.127813892842067;1.0419768403639371;11.816282027984736;16
dyn_star2;lake.pgm;3;9;8.390421726358172;26.122934924223;1.051702657807309;11.852898286547576;17
dyn_star2;lake.pgm;3;9;8.40426291489589;26.124344562166158;1.03737352880446;11.803412597567617;37
dyn_star2;lake.pgm;3;9;8.387754691866348;26.11593470762031;1.0238239450837876;11.56205547652916;37
dyn_star2;lake.pgm;3;9;8.426349088273499;26.109344403874452;1.0482657751776014;11.92025664527956;26
dyn_star2;aerial.pgm;3;9;8.991657615633429;26.526780330501648;0.9023508137432188;9.66914498141264;27
dyn_star2;aerial.pgm;3;9;9.019691285154241;26.518132140789717;0.8947626841243862;9.629053753887161;106
dyn_star2;aerial.pgm;3;9;9.000663572152284;26.528068884511935;0.899029764841309;9.673460279678666;58
dyn_star2;lake.pgm;3;9;8.426168245546553;26.069103699353274;1.0230612244897959;11.674147217235188;73
dyn_star2;lake.pgm;3;9;8.389405277740513;26.11902666090093;1.0178786661309762;11.519043401240035;81
dyn_star2;lake.pgm;3;9;8.410731527944934;26.10687738568997;1.0466075479480306;11.790571169537625;16
dyn_star2;lake.pgm;3;9;8.376739035266473;26.131811456643682;1.035177946924501;11.752213988794505;52
dyn_star2;lake.pgm;3;9;8.409065922630962;26.092605584041202;1.0334211059347782;11.599179450588656;86
dyn_star2;aerial.pgm;3;9;8.974244683109077;26.539760092299037;0.8967205090553109;9.603455914931324;84
dyn_star2;aerial.pgm;3;9;9.002407018445338;26.531041191163336;0.901301697149448;9.686429316252049;66
dyn_star2;aerial.pgm;3;9;8.977864083125136;26.528840338686905;0.9013784049885133;9.650489759572574;94
dyn_star2;lake.pgm;3;9;8.396936196548245;26.121427038988774;1.0291361043194784;11.674147217235188;35
dyn_star2;lake.pgm;3;9;8.424416897212623;26.103027629701046;1.0369837682350524;11.74160346695558;36
dyn_star2;lake.pgm;3;9;8.376100783611662;26.127813892842067;1.0283673469387755;11.680438297107958;16
dyn_star2;lake.pgm;3;9;8.404358326668154;26.09833448399089;1.0375692876206117;11.733128834355828;28
dyn_star2;lake.pgm;3;9;8.390421726357898;26.12293492422252;1.0411099691675232;11.747967479674797;17
dyn_star2;aerial.pgm;3;9;9.019691285154241;26.518132140789717;0.8947626841243862;9.629053753887161;106
dyn_star2;aerial.pgm;3;9;8.983795011683531;26.53211138402476;0.899672131147541;9.644764164936221;90
dyn_star2;aerial.pgm;3;9;8.977797896354998;26.528005468605684;0.9112435833747309;9.729911716295078;83
dyn_star2;lake.pgm;3;9;8.410731527944934;26.10687738568997;1.0466075479480306;11.790571169537625;16
dyn_star2;lake.pgm;3;9;8.376739035266473;26.131811456643682;1.0390253974809003;11.790571169537625;52
dyn_star2;lake.pgm;3;9;8.42247178594968;26.060357655105484;1.040049291435613;11.731012087317337;75
dyn_star2;lake.pgm;3;9;8.42267781665685;26.107774510966635;1.0314039408866995;11.737364620938628;88
dyn_star2;lake.pgm;3;9;8.377949486274574;26.14623152835858;1.0520702634880803;11.929003852504128;88
dyn_star2;aerial.pgm;3;9;8.997195835313136;26.540426867901964;0.8937836514929026;9.603455914931324;69
dyn_star2;aerial.pgm;3;9;9.005348289384369;26.504997615058265;0.9020475020475021;9.633333333333333;76
dyn_star2;aerial.pgm;3;9;8.990986484036302;26.533568940115636;0.902970297029703;9.700880202894226;102
dyn_star2;lake.pgm;3;9;8.426349088273499;26.109344403874452;1.0482657751776014;11.92025664527956;26
dyn_star2;lake.pgm;3;9;8.37822970015011;26.12589762668319;1.038572014772261;11.722552731206058;20
dyn_star2;lake.pgm;3;9;8.404262914899165;26.124344562170485;1.0284544524053225;11.714105566564584;37
dyn_star2;lake.pgm;3;9;8.390421726357898;26.12293492422252;1.047136654951416;11.807699291810422;17
dyn_star2;lake.pgm;3;9;8.387754691866348;26.11593470762031;1.0357434640522876;11.680438297107958;37
dyn_star2;aerial.pgm;3;9;8.9976208184338;26.530990944014622;0.8981069958847737;9.676339285714286;95
dyn_star2;aerial.pgm;3;9;9.000663572152284;26.528068884511935;0.899029764841309;9.673460279678666;58
dyn_star2;aerial.pgm;3;9;8.984317989751649;26.5341778454736;0.9031512951658143;9.700880202894226;29
dyn_star2;lake.pgm;3;9;8.409065922630962;26.092605584041202;1.0334211059347782;11.599179450588656;86
dyn_star2;lake.pgm;3;9;8.42247178594968;26.060357655105484;1.040049291435613;11.731012087317337;75
dyn_star2;lake.pgm;3;9;8.410731527944934;26.10687738568997;1.0435944889985607;11.760716223548561;16
dyn_star2;lake.pgm;3;9;8.410020113937945;26.125436327693986;1.0362587556654306;11.773492667028789;87
dyn_star2;aerial.pgm;3;9;8.992467738911584;26.536970795589134;0.8934707903780069;9.624777975133215;105
dyn_star2;aerial.pgm;3;9;9.005348289384369;26.504997615058265;0.8964675240110695;9.57940483205657;76
dyn_star2;aerial.pgm;3;9;9.015769954592107;26.527951674377306;0.8954313046346694;9.696540411571727;93
dyn_star2;aerial.pgm;3;9;8.98250390827538;26.522473728136656;0.8984106177289858;9.636188500296385;79
dyn_star2;lake.pgm;3;9;8.390421726357898;26.12293492422252;1.0490886495443248;11.827028010185522;17
dyn_star2;lake.pgm;3;9;8.404262914899165;26.124344562170485;1.0284544524053225;11.714105566564584;37
dyn_star2;lake.pgm;3;9;8.42475719804662;26.102843247422367;1.03192795742939;11.697247706422019;27
dyn_star2;lake.pgm;3;9;8.393976410715918;26.109141935840587;1.0312563840653728;11.682536830758174;37
dyn_star2;aerial.pgm;3;9;9.034764741679545;26.516665470310752;0.903204492897258;9.712471994025393;33
dyn_star2;aerial.pgm;3;9;9.027965987646677;26.520520413835342;0.9017369727047146;9.727000747943157;56
dyn_star2;aerial.pgm;3;9;9.004788037712126;26.53347054211784;0.8924783814651656;9.603455914931324;90
dyn_star2;aerial.pgm;3;9;8.989589648724017;26.539530110240722;0.8956223456386802;9.613394441159077;105
dyn_star2;lake.pgm;3;9;8.377949486274574;26.14623152835858;1.0520702634880803;11.929003852504128;88
dyn_star2;lake.pgm;3;9;8.410731527944934;26.10687738568997;1.0466075479480306;11.790571169537625;16
dyn_star2;lake.pgm;3;9;8.376633662618387;26.09276344227833;1.0327140549273022;11.56;91
dyn_star2;lake.pgm;3;9;8.376739035257058;26.131811456626707;1.0300921187308085;11.701457621018536;52
dyn_star2;aerial.pgm;3;9;8.982503908275254;26.522473728136514;0.9040395713107997;9.690760059612519;79
dyn_star2;aerial.pgm;3;9;8.977864083125136;26.528840338686905;0.9013784049885133;9.650489759572574;94
dyn_star2;aerial.pgm;3;9;8.983153102376445;26.544285716550714;0.9018768521567336;9.68210244192972;103
dyn_star2;aerial.pgm;3;9;9.015428461212482;26.53200110193837;0.9066799270677938;9.741573033707866;68
dyn_star2;lake.pgm;3;9;8.421703868492818;26.111756624586366;1.0399751449875725;11.835638878776848;37
dyn_star2;lake.pgm;3;9;8.397212814772796;26.101778331901855;1.0396080032666395;11.676243490752379;17
dyn_star2;lake.pgm;3;9;8.426349088273499;26.109344403874452;1.0482657751776014;11.92025664527956;26
dyn_star2;lake.pgm;3;9;8.37822970015011;26.12589762668319;1.038572014772261;11.722552731206058;20
dyn_star2;aerial.pgm;3;9;8.995873897475786;26.536749510275868;0.9060324825986079;9.738655084618841;107
dyn_star2;aerial.pgm;3;9;9.004788037712682;26.533470542117744;0.8924783814651656;9.603455914931324;89
dyn_star2;aerial.pgm;3;9;9.034764741679545;26.516665470310752;0.903204492897258;9.712471994025393;33
dyn_star2;aerial.pgm;3;9;8.976516303297112;26.531682259287408;0.8973731440691793;9.600620109257346;92
dyn_star2;lake.pgm;3;9;8.376739035257058;26.131811456626707;1.0392399834779016;11.792709466811752;52
dyn_star2;lake.pgm;3;9;8.389405277740513;26.11902666090093;1.0178786661309762;11.519043401240035;81
dyn_star2;lake.pgm;3;9;8.409065922630962;26.092605584041202;1.0334211059347782;11.599179450588656;86
dyn_star2;lake.pgm;3;9;8.426168245546553;26.069103699353274;1.0266229776776572;11.709886547811994;73
dyn_star2;aerial.pgm;3;9;8.997195835313136;26.540426867901964;0.8937836514929026;9.603455914931324;69
dyn_star2;aerial.pgm;3;9;8.983153102376445;26.544285716550714;0.9018768521567336;9.68210244192972;103
dyn_star2;aerial.pgm;3;9;9.03595550001018;26.517476256440307;0.8967435771559483;9.621929564960046;78
dyn_star2;aerial.pgm;3;9;8.986906762805317;26.525842589233356;0.8976865428478332;9.592122731966366;86
dyn_star2;lake.pgm;3;9;8.376100783611662;26.127813892842067;1.0419768403639371;11.816282027984736;16
dyn_star2;lake.pgm;3;9;8.387754691866348;26.11593470762031;1.0327902240325866;11.651137788926716;37
dyn_star2;lake.pgm;3;9;8.390421726358172;26.122934924223;1.0445452670653743;11.782025729298786;17
dyn_star2;lake.pgm;3;9;8.3700919971238;26.13772006297037;1.038540385403854;11.716216216216216;34
dyn_star2;aerial.pgm;3;9;8.9976208184338;26.530990944014622;0.9033112582781457;9.727000747943157;95
dyn_star2;aerial.pgm;3;9;8.987997142964806;26.522321100557768;0.9045259332672613;9.70667263770712;56
dyn_star2;aerial.pgm;3;9;8.984317994858403;26.53417784177703;0.8962017026850033;9.633333333333333;30
dyn_star2;aerial.pgm;3;9;8.995873897475786;26.536749510275868;0.9060324825986079;9.738655084618841;107
dyn_star2;lake.pgm;3;9;8.426168245546553;26.069103699353274;1.0230612244897959;11.674147217235188;73
dyn_star2;lake.pgm;3;9;8.376739035257058;26.131811456626707;1.0300921187308085;11.701457621018536;52
dyn_star2;lake.pgm;3;9;8.410020113937945;26.125436327693986;1.0362587556654306;11.773492667028789;87
dyn_star2;lake.pgm;3;9;8.410731527944934;26.10687738568997;1.049204052098408;11.816282027984736;16
dyn_star2;aerial.pgm;3;9;9.005348289384369;26.504997615058265;0.9020475020475021;9.633333333333333;76
dyn_star2;aerial.pgm;3;9;8.983047999290179;26.53302726398712;0.9025717111770524;9.687872467222885;91
dyn_star2;aerial.pgm;3;9;8.986906762805372;26.525842589233456;0.904019688269073;9.65335510688836;85
dyn_star2;aerial.pgm;3;9;9.002407018443954;26.53104119116321;0.8967213114754098;9.641903914590747;68
dyn_star2;lake.pgm;3;9;8.404262914899165;26.124344562170485;1.032258064516129;11.752213988794505;37
dyn_star2;lake.pgm;3;9;8.378229700150177;26.125897626683106;1.0351738241308794;11.688836958475642;18
dyn_star2;lake.pgm;3;9;8.393976410715918;26.109141935840587;1.0312563840653728;11.682536830758174;37
dyn_star2;lake.pgm;3;9;8.41700987701129;26.11515253137859;1.0428898605038517;11.881052439247213;27
dyn_star2;aerial.pgm;3;9;9.027965987646677;26.520520413835342;0.9017369727047146;9.727000747943157;56
dyn_star2;aerial.pgm;3;9;9.004788037712126;26.53347054211784;0.8924783814651656;9.603455914931324;90
dyn_star2;aerial.pgm;3;9;8.9976208184338;26.530990944014622;0.8981069958847737;9.676339285714286;95
dyn_star2;aerial.pgm;3;9;8.989589648726907;26.5395301102454;0.8992947351156306;9.649057723697878;104
dyn_star2;aerial.pgm;3;9;9.03595550001018;26.517476256440307;0.8961569910057237;9.616237799467614;78
dyn_star2;aerial.pgm;3;9;8.985739465171772;26.52762002752977;0.9013829436944353;9.676339285714286;95
dyn_star2;aerial.pgm;3;9;8.974244683109077;26.539760092299037;0.8932228181374939;9.56953642384106;82
dyn_star2;einstein.pgm;3;9;4.774054493255738;30.878311278454426;1.0657219141507497;11.811989100817438;52
dyn_star2;einstein.pgm;3;9;4.765920857869328;30.91267717125225;1.0655030800821355;11.814135174418604;142
dyn_star2;einstein.pgm;3;9;4.780022980986329;30.83490318460506;1.0778629115758955;11.92025664527956;150
dyn_star2;einstein.pgm;3;9;4.755147047588402;30.871829958835857;1.0528332325065537;11.632379248658319;125
dyn_star2;einstein.pgm;3;9;4.768230845678191;30.851744274344256;1.0699815837937385;11.784160927872417;84
dyn_star2;aerial.pgm;3;9;9.027965987646677;26.520520413835342;0.8984671171913631;9.695094677202922;56
dyn_star2;aerial.pgm;3;9;8.989589648726907;26.5395301102454;0.895768665250776;9.614815910099068;105
dyn_star2;aerial.pgm;3;9;9.004788037712126;26.53347054211784;0.8924783814651656;9.603455914931324;90
dyn_star2;einstein.pgm;3;9;4.826101744922078;30.85159472336466;1.0523303352412101;11.77136133236785;168
dyn_star2;einstein.pgm;3;9;4.778190816380315;30.915977170825578;1.0452068617558021;11.632379248658319;81
dyn_star2;einstein.pgm;3;9;4.757809687382637;30.88620024724309;1.0790736490715627;11.981757877280266;104
dyn_star2;einstein.pgm;3;9;4.7705657315765855;30.881413745972964;1.059157212317666;11.676243490752379;55
dyn_star2;einstein.pgm;3;9;4.781659978302174;30.808383281392054;1.0739817123857025;11.946536836303508;59
dyn_star2;aerial.pgm;3;9;8.985739465356716;26.52762002749335;0.9072079536039768;9.732824427480915;96
dyn_star2;aerial.pgm;3;9;8.997195835313136;26.540426867901964;0.8937836514929026;9.603455914931324;69
dyn_star2;aerial.pgm;3;9;8.992467738911584;26.536970795589134;0.8934707903780069;9.624777975133215;105
dyn_star2;einstein.pgm;3;9;4.764085993982322;30.857674111418632;1.0457938269114384;11.636542591267;148
dyn_star2;einstein.pgm;3;9;4.768230845678191;30.851744274344256;1.0763688760806915;11.84642011295318;84
dyn_star2;einstein.pgm;3;9;4.771738864386541;30.89858622659353;1.0330528846153846;11.551785397050987;125
dyn_star2;einstein.pgm;3;9;4.765920857869328;30.91267717125225;1.0655030800821355;11.814135174418604;142
dyn_star2;einstein.pgm;3;9;4.774054493255738;30.878311278454426;1.0657219141507497;11.811989100817438;52
dyn_star2;aerial.pgm;3;9;8.977797896354998;26.528005468605684;0.9112435833747309;9.729911716295078;83
dyn_star2;aerial.pgm;3;9;8.976516303297112;26.531682259287408;0.8973731440691793;9.600620109257346;92
dyn_star2;aerial.pgm;3;9;8.984317989751649;26.5341778454736;0.9031512951658143;9.700880202894226;29
dyn_star2;einstein.pgm;3;9;4.747847634396907;30.865664207397234;1.0571487095452683;11.79698838896952;94
dyn_star2;einstein.pgm;3;9;4.8030307829000325;30.80282541246534;1.0424803704449366;11.611607142857142;60
dyn_star2;einstein.pgm;3;9;4.764185736005919;30.87642510936228;1.0605193212022082;11.77136133236785;81
dyn_star2;einstein.pgm;3;9;4.775124569357444;30.884720512914527;1.0761884990658086;11.929003852504128;56
dyn_star2;einstein.pgm;3;9;4.826101744922078;30.85159472336466;1.0523303352412101;11.77136133236785;168
dyn_star2;aerial.pgm;3;9;8.992467738911584;26.536970795589134;0.8934707903780069;9.624777975133215;105
dyn_star2;aerial.pgm;3;9;9.03595550001018;26.517476256440307;0.9023546846698501;9.676339285714286;78
dyn_star2;aerial.pgm;3;9;9.01217885406608;26.53259599796033;0.9043923381770145;9.703775555887182;83
dyn_star2;einstein.pgm;3;9;4.764521700536114;30.895964286780515;1.0766652702136572;12.0216306156406;123
dyn_star2;einstein.pgm;3;9;4.765719132176195;30.879328525938558;1.0561912545974663;11.756463568974869;48
dyn_star2;einstein.pgm;3;9;4.768230845678191;30.851744274344256;1.0548718983256002;11.636542591267;82
dyn_star2;einstein.pgm;3;9;4.789418129613059;30.877650654054314;1.042239288601455;11.634460547504025;143
dyn_star2;einstein.pgm;3;9;4.779364304976142;30.811548580014968;1.0530028214429665;11.634460547504025;147
dyn_star2;aerial.pgm;3;9;8.99078963144947;26.53426598161449;0.9035767265534861;9.692204501416008;33
dyn_star2;aerial.pgm;3;9;9.000663572152392;26.52806888451194;0.8877882429360182;9.563906456831887;56
dyn_star2;aerial.pgm;3;9;9.019691285154241;26.518132140789717;0.8947626841243862;9.629053753887161;106
dyn_star2;einstein.pgm;3;9;4.806202608637456;30.83708032851538;1.0546604119926575;11.752213988794505;166
dyn_star2;einstein.pgm;3;9;4.7639987734744125;30.895144178053528;1.0628969473468552;11.788433647570704;54
dyn_star2;einstein.pgm;3;9;4.788306463095978;30.863741600512213;1.0839073262366938;11.99280708225747;59
dyn_star2;einstein.pgm;3;9;4.7641857360059205;30.87642510936228;1.0808501771202335;11.970729013254786;81
dyn_star2;einstein.pgm;3;9;4.763584285051286;30.87740763347608;1.0671085335542667;11.92025664527956;95
dyn_star2;aerial.pgm;3;9;8.986906762805317;26.525842589233356;0.8976865428478332;9.592122731966366;86
dyn_star2;aerial.pgm;3;9;8.985739465171772;26.52762002752977;0.9013829436944353;9.676339285714286;95
dyn_star2;aerial.pgm;3;9;9.002407018445338;26.531041191163336;0.901301697149448;9.686429316252049;66
dyn_star2;einstein.pgm;3;9;4.775505873713834;30.871012025591142;1.045582896329165;11.632379248658319;162
dyn_star2;einstein.pgm;3;9;4.780876377982352;30.83762706007475;1.0307385229540917;11.533345157857397;142
dyn_star2;einstein.pgm;3;9;4.765719132176195;30.879328525938558;1.0561912545974663;11.756463568974869;48
dyn_star2;einstein.pgm;3;9;4.768230845660942;30.851744274403966;1.0508440514469453;11.597110754414125;82
dyn_star2;einstein.pgm;3;9;4.78928965500391;30.799821657083413;1.0516959542296689;11.77136133236785;127
dyn_star2;aerial.pgm;3;9;8.995873897475786;26.536749510275868;0.8969647251845775;9.650489759572574;107
dyn_star2;aerial.pgm;3;9;9.004788037712682;26.533470542117744;0.8977515181355654;9.654788418708241;89
dyn_star2;aerial.pgm;3;9;8.9976208184338;26.530990944014622;0.9033112582781457;9.727000747943157;95
dyn_star2;einstein.pgm;3;9;4.760377483262775;30.95182719482342;1.0811092577147623;11.968525676421866;78
dyn_star2;einstein.pgm;3;9;4.763584285051286;30.87740763347608;1.0463038180341186;11.714105566564584;94
dyn_star2;einstein.pgm;3;9;4.7705657315765855;30.881413745972964;1.059157212317666;11.676243490752379;55
dyn_star2;einstein.pgm;3;9;4.826101744922078;30.85159472336466;1.0523303352412101;11.77136133236785;168
dyn_star2;einstein.pgm;3;9;4.805351454694538;30.795627627328038;1.0539165818921667;11.722552731206058;70
dyn_star2;aerial.pgm;3;9;9.002407018445338;26.531041191163336;0.9008563899868248;9.68210244192972;66
dyn_star2;aerial.pgm;3;9;8.99098648403629;26.533568940115636;0.897196261682243;9.644764164936221;103
dyn_star2;aerial.pgm;3;9;9.005348289384369;26.504997615058265;0.8964675240110695;9.57940483205657;76
dyn_star2;einstein.pgm;3;9;4.768230845678191;30.851744274344256;1.0763688760806915;11.84642011295318;84
dyn_star2;einstein.pgm;3;9;4.761208119182735;30.95049737427155;1.0424974823766364;11.611607142857142;122
dyn_star2;einstein.pgm;3;9;4.787944031889995;30.858136359375187;1.0653917334978409;11.833484986351229;126
dyn_star2;einstein.pgm;3;9;4.76064463962687;30.898765261171157;1.0664342833709248;11.801270417422867;52
dyn_star2;einstein.pgm;3;9;4.789418129613059;30.877650654054314;1.042239288601455;11.634460547504025;140
dyn_star2;aerial.pgm;3;9;8.976516303297108;26.531682259287408;0.8940182054616385;9.568128310771042;93
dyn_star2;aerial.pgm;3;9;8.984317989751649;26.5341778454736;0.9031512951658143;9.700880202894226;29
dyn_star2;aerial.pgm;3;9;9.027965987646677;26.520520413835342;0.8984671171913631;9.695094677202922;56
dyn_star2;einstein.pgm;3;9;4.809101728953592;30.7977825465292;1.0732417811069497;11.95752114748069;68
dyn_star2;einstein.pgm;3;9;4.771095103105271;30.796337468487593;1.0384232530360342;11.504777070063694;56
dyn_star2;einstein.pgm;3;9;4.763584285051286;30.87740763347608;1.0691014733347168;11.9399559309585;96
dyn_star2;einstein.pgm;3;9;4.792973971040343;30.807750006803932;1.0545936035852517;11.731012087317337;165
dyn_star2;einstein.pgm;3;9;4.778190816380315;30.915977170825578;1.0452068617558021;11.632379248658319;81
dyn_star2;aerial.pgm;3;9;9.03595550001018;26.517476256440307;0.8961569910057237;9.616237799467614;78
dyn_star2;aerial.pgm;3;9;8.982503908275254;26.522473728136514;0.9018092105263158;9.66914498141264;78
dyn_star2;aerial.pgm;3;9;8.99175241459593;26.540197559303135;0.9039510662919491;9.711021505376344;96
dyn_star2;einstein.pgm;3;9;4.774054493255738;30.878311278454426;1.0778977980889073;11.931192660550458;52
dyn_star2;einstein.pgm;3;9;4.764313764097434;30.896748177984577;1.0623072177668107;11.829179552483172;163
dyn_star2;einstein.pgm;3;9;4.764521700536114;30.895964286780515;1.0766652702136572;12.0216306156406;123
dyn_star2;einstein.pgm;3;9;4.780022980986329;30.83490318460506;1.0778629115758955;11.92025664527956;150
dyn_star2;einstein.pgm;3;9;4.768230845678191;30.851744274344256;1.0763688760806915;11.84642011295318;84
dyn_star2;aerial.pgm;3;9;9.027965987646677;26.520520413835342;0.8984671171913631;9.695094677202922;56
dyn_star2;aerial.pgm;3;9;8.995873897475786;26.536749510275868;0.9060324825986079;9.738655084618841;107
dyn_star2;aerial.pgm;3;9;8.990800594988691;26.5233116775534;0.896207911082053;9.616237799467614;82
dyn_star2;einstein.pgm;3;9;4.778544622939462;30.84082026527646;1.0468497576736673;11.636542591267;164
dyn_star2;einstein.pgm;3;9;4.764185736005919;30.87642510936228;1.0710303530869296;11.8745434623813;81
dyn_star2;einstein.pgm;3;9;4.7592766036284235;30.916591664690223;1.0498278306663966;11.665769644779333;94
dyn_star2;einstein.pgm;3;9;4.7636464138241275;30.879095253474773;1.0422760969745541;11.555891238670695;56
dyn_star2;einstein.pgm;3;9;4.809101728953592;30.7977825465292;1.0732417811069497;11.95752114748069;68
dyn_star2;aerial.pgm;3;9;8.991752415313517;26.540197559281296;0.9055978800927459;9.727000747943157;95
dyn_star2;aerial.pgm;3;9;9.002407018445338;26.531041191163336;0.9008563899868248;9.68210244192972;66
dyn_star2;einstein.pgm;3;9;4.775505873713834;30.871012025591142;1.045582896329165;11.632379248658319;162
dyn_star2;einstein.pgm;3;9;4.768230845660942;30.851744274403966;1.068451164691459;11.76923076923077;82
dyn_star2;einstein.pgm;3;9;4.787536176415039;30.822649693922692;1.0345378319025753;11.531299875864516;125
dyn_star2;einstein.pgm;3;9;4.771738864386541;30.89858622659353;1.0330528846153846;11.551785397050987;125
dyn_star2;einstein.pgm;3;9;4.789418129613059;30.877650654054314;1.042239288601455;11.634460547504025;143
dyn_star2;einstein.pgm;3;9;4.765719132176195;30.879328525938558;1.0561912545974663;11.756463568974869;48
dyn_star2;aerial.pgm;3;9;9.004788037712126;26.53347054211784;0.8924783814651656;9.603455914931324;90
dyn_star2;einstein.pgm;3;9;4.764185736005919;30.87642510936228;1.0605193212022082;11.77136133236785;81
dyn_star2;aerial.pgm;3;9;8.990455659114;26.534457169499074;0.89629750982962;9.633333333333333;92
dyn_star2;einstein.pgm;3;9;4.788306463095978;30.863741600512213;1.0839073262366938;11.99280708225747;59
dyn_star2;einstein.pgm;3;9;4.772375304803852;30.867157079964052;1.0708497818408478;11.950928138209887;94
dyn_star2;einstein.pgm;3;9;4.771095103105271;30.796337468487593;1.0409099980043903;11.529255319148936;56
dyn_star2;einstein.pgm;3;9;4.764185736005919;30.87642510936228;1.0605193212022082;11.77136133236785;81
dyn_star2;einstein.pgm;3;9;4.778034742666355;30.883546513506758;1.0529720986655884;11.663677130044842;167
dyn_star2;aerial.pgm;3;9;8.992467738911584;26.536970795589134;0.8934707903780069;9.624777975133215;105
dyn_star2;aerial.pgm;3;9;9.03595550001018;26.517476256440307;0.9023546846698501;9.676339285714286;78
dyn_star2;einstein.pgm;3;9;4.768230845660942;30.851744274403966;1.068451164691459;11.76923076923077;82
dyn_star2;einstein.pgm;3;9;4.760644639625673;30.89876526117228;1.079045643153527;11.924628644782688;54
dyn_star2;einstein.pgm;3;9;4.761208119182735;30.95049737427155;1.0424974823766364;11.611607142857142;122
dyn_star2;einstein.pgm;3;9;4.789418129613059;30.877650654054314;1.042239288601455;11.634460547504025;140
dyn_star2;einstein.pgm;3;9;4.768230845678191;30.851744274344256;1.0699815837937385;11.784160927872417;84
dyn_star2;einstein.pgm;3;9;4.787536176415039;30.822649693922692;1.0345378319025753;11.531299875864516;125
dyn_star2;aerial.pgm;3;9;9.011636621387337;26.52611029590789;0.9053898137464974;9.695094677202922;29
dyn_star2;einstein.pgm;3;9;4.788306463095978;30.863741600512213;1.0839073262366938;11.99280708225747;59
dyn_star2;aerial.pgm;3;9;9.007427884706177;26.530217134874583;0.8973265540429719;9.647626112759644;55
dyn_star2;einstein.pgm;3;9;4.778034742666355;30.883546513506758;1.0529720986655884;11.663677130044842;167
dyn_star2;einstein.pgm;3;9;4.7639987734744125;30.895144178053528;1.0628969473468552;11.788433647570704;54
dyn_star2;einstein.pgm;3;9;4.784242895439643;30.86883374197892;1.059349593495935;11.720439798125451;59
dyn_star2;einstein.pgm;3;9;4.760377483262775;30.95182719482342;1.0811092577147623;11.968525676421866;78
dyn_star2;einstein.pgm;3;9;4.747847634396907;30.865664207397234;1.0571487095452683;11.79698838896952;94
dyn_star2;einstein.pgm;3;9;4.76064463962687;30.898765261171157;1.0664342833709248;11.801270417422867;52
dyn_star2;plane.pgm;3;9;5.816696835002634;28.086105864519794;1.0249307479224377;12.190663667041619;85
dyn_star2;plane.pgm;3;9;5.817951329921773;28.09440413636182;1.0480454247652327;12.468839884947268;93
dyn_star2;plane.pgm;3;9;5.8109471852944825;28.06899078166984;1.0107839070924927;11.904979860856828;88
dyn_star2;plane.pgm;3;9;5.848779751769957;28.000781858017906;1.0201495637723308;11.933382271976509;101
dyn_star2;plane.pgm;3;9;5.814701773856461;28.133881048608274;1.0297734627831716;12.32234223990904;105
dyn_star2;plane.pgm;3;9;5.8399306011972705;28.042097505262184;0.9995860927152318;11.887568555758683;80
dyn_star2;plane.pgm;3;9;5.817951329921773;28.09440413636182;1.0466739367502726;12.454510630147482;93
dyn_star2;einstein.pgm;3;9;4.788712100936554;30.85140568345375;1.0608287405592978;11.758589511754069;164
dyn_star2;plane.pgm;3;9;5.793451965923895;28.130477890901187;1.0440306681270537;12.485599078341014;99
dyn_star2;plane.pgm;3;9;5.835007649418432;28.09429504753657;1.0202531645569621;12.093174632694812;65
dyn_star2;plane.pgm;3;9;5.823799297718045;28.129880278512978;1.032307025151778;12.37864077669903;80
dyn_star2;plane.pgm;3;9;5.828941903577999;28.102650212116835;1.0306056001736488;12.399885583524027;59
dyn_star2;plane.pgm;3;9;5.831416505175243;27.965108033691198;1.0212722015695994;11.876712328767123;119
dyn_star2;plane.pgm;3;9;5.805246135325398;28.071026155159387;1.0220152413209145;12.12022367194781;99
dyn_star2;plane.pgm;3;9;5.835007649418432;28.09429504753657;1.0278427205100957;12.172407338075628;65
dyn_star2;einstein.pgm;3;9;4.764085993982322;30.857674111418632;1.0457938269114384;11.636542591267;148
dyn_star2;plane.pgm;3;9;5.8397164969816;28.01360095929013;1.015284757118928;12.0216306156406;87
dyn_star2;plane.pgm;3;9;5.826817984504759;28.066458193280724;1.0506603160857328;12.369221989727981;96
dyn_star2;plane.pgm;3;9;5.785893943632887;28.18132433508721;1.007969798657718;12.019408502772643;110
dyn_star2;plane.pgm;3;9;5.816696835002634;28.086105864519794;1.03152476946172;12.259615384615385;86
dyn_star2;plane.pgm;3;9;5.8271323366483205;28.063340586673387;1.039862837548221;12.268867924528301;94
dyn_star2;plane.pgm;3;9;5.810947185299185;28.06899078166305;1.0126740078952836;11.924628644782688;89
dyn_star2;plane.pgm;3;9;5.848779751769957;28.000781858017906;1.0084188911704313;11.811989100817438;102
dyn_star2;einstein.pgm;3;9;4.763584285051286;30.87740763347608;1.0671085335542667;11.92025664527956;95
dyn_star2;plane.pgm;3;9;5.828304286528418;28.090354500158817;1.0054166666666666;11.95752114748069;84
dyn_star2;plane.pgm;3;9;5.820713526966124;28.050008593859634;1.0337866553336166;12.163299663299663;56
dyn_star2;plane.pgm;3;9;5.831416505175243;27.965108033691198;1.0212722015695994;11.876712328767123;119
dyn_star2;plane.pgm;3;9;5.793451965923895;28.130477890901187;1.0236254295532645;12.271183242121156;98
dyn_star2;plane.pgm;3;9;5.835007649418432;28.09429504753657;1.0278427205100957;12.172407338075628;65
dyn_star2;plane.pgm;3;9;5.823799297718045;28.129880278512978;1.036126224156692;12.418831168831169;79
dyn_star2;plane.pgm;3;9;5.820713526966124;28.050008593859634;1.0337866553336166;12.163299663299663;56
dyn_star2;einstein.pgm;3;9;4.764521700536114;30.895964286780515;1.0766652702136572;12.0216306156406;123
dyn_star2;plane.pgm;3;9;5.785893943632887;28.18132433508721;1.007969798657718;12.019408502772643;110
dyn_star2;plane.pgm;3;9;5.816153073579598;28.134585081072295;1.0177806341045417;12.245762711864407;87
dyn_star2;plane.pgm;3;9;5.839716496808742;28.01360095930297;1.013586956521739;12.003876684511722;86
dyn_star2;plane.pgm;3;9;5.817951329921773;28.09440413636182;1.0466739367502726;12.454510630147482;93
dyn_star2;plane.pgm;3;9;5.814701773856461;28.133881048608274;1.0297734627831716;12.32234223990904;105
dyn_star2;plane.pgm;3;9;5.848779751769957;28.000781858017906;1.0084188911704313;11.811989100817438;102
dyn_star2;einstein.pgm;3;9;4.7636464138241275;30.879095253474773;1.0422760969745541;11.555891238670695;56
dyn_star2;plane.pgm;3;9;5.840187540065401;28.047618929694057;1.023052294557097;12.213561232156273;98
dyn_star2;plane.pgm;3;9;5.815361360175353;28.0363595566639;1.0157971315734775;11.931192660550458;96
dyn_star2;plane.pgm;3;9;5.8574799131190245;28.036216670435614;1.020952380952381;12.133793618212353;59
dyn_star2;plane.pgm;3;9;5.828304294301153;28.090354499059465;1.0254993625159372;12.167851796407186;84
dyn_star2;plane.pgm;3;9;5.793451965929851;28.13047789088308;1.0376660134988025;12.418831168831169;97
dyn_star2;plane.pgm;3;9;5.835007649418432;28.09429504753657;1.0278427205100957;12.172407338075628;65
dyn_star2;einstein.pgm;3;9;4.757266512665228;30.857433147640194;1.0568459657701712;11.737364620938628;161
dyn_star2;plane.pgm;3;9;5.817951329921773;28.09440413636182;1.0480454247652327;12.468839884947268;93
dyn_star2;plane.pgm;3;9;5.8271323366483205;28.063340586673387;1.0316819051669148;12.183811129848229;95
dyn_star2;plane.pgm;3;9;5.8233610848011566;28.06308881649754;1.0127989928661352;12.026077307194377;83
dyn_star2;plane.pgm;3;9;5.839716496808742;28.01360095930297;1.0193399201177213;12.064007421150277;86
dyn_star2;plane.pgm;3;9;5.8049384194349125;28.176674231112536;1.0272649205667668;12.278134441087614;110
dyn_star2;plane.pgm;3;9;5.796096947661068;28.063555907678346;1.025811823480433;11.959720434062902;102
dyn_star2;einstein.pgm;3;9;4.7641857360059205;30.87642510936228;1.0716942148760331;11.881052439247213;81
dyn_star2;plane.pgm;3;9;5.835007649416965;28.09429504754118;1.029374201787995;12.188378631677601;65
dyn_star2;plane.pgm;3;9;5.855934066087178;28.01918917113238;1.0130651182082124;11.911522256823593;62
dyn_star2;plane.pgm;3;9;5.846868681707717;28.062266284035733;1.0308021390374331;12.238848108413325;84
dyn_star2;plane.pgm;3;9;5.805246135325398;28.071026155159387;1.0220152413209145;12.12022367194781;99
dyn_star2;plane.pgm;3;9;5.840187540065401;28.047618929694057;1.0408251900108578;12.399885583524027;98
dyn_star2;plane.pgm;3;9;5.820713526966124;28.050008593859634;1.0337866553336166;12.163299663299663;56
dyn_star2;einstein.pgm;3;9;4.7682308456609075;30.851744274404012;1.0512665862484922;11.601248884924175;82
dyn_star2;plane.pgm;3;9;5.848779751769957;28.000781858017906;1.0201495637723308;11.933382271976509;101
dyn_star2;plane.pgm;3;9;5.826817984504759;28.066458193280724;1.0506603160857328;12.369221989727981;96
dyn_star2;plane.pgm;3;9;5.810947185299185;28.06899078166305;1.0126740078952836;11.924628644782688;89
dyn_star2;plane.pgm;3;9;5.8049384194349125;28.176674231112536;1.0272649205667668;12.278134441087614;110
dyn_star2;plane.pgm;3;9;5.8271323366483205;28.063340586673387;1.039862837548221;12.268867924528301;94
dyn_star2;plane.pgm;3;9;5.8399306011972705;28.042097505262184;0.9995860927152318;11.887568555758683;80
dyn_star2;einstein.pgm;3;9;4.809101728953592;30.7977825465292;1.0732417811069497;11.95752114748069;68
dyn_star2;plane.pgm;3;9;5.828941903577999;28.102650212116835;1.0306056001736488;12.399885583524027;59
dyn_star2;plane.pgm;3;9;5.828941903577999;28.102650212116835;1.0306056001736488;12.399885583524027;59
dyn_star2;plane.pgm;3;9;5.828304286528418;28.090354500158817;1.0054166666666666;11.95752114748069;84
dyn_star2;plane.pgm;3;9;5.840187540065401;28.047618929694057;1.0408251900108578;12.399885583524027;98
dyn_star2;plane.pgm;3;9;5.835007649416965;28.09429504754118;1.0355460385438973;12.252685132843414;64
dyn_star2;plane.pgm;3;9;5.805246135325398;28.071026155159387;1.0220152413209145;12.12022367194781;99
dyn_star2;einstein.pgm;3;9;4.765719132176195;30.879328525938558;1.0561912545974663;11.756463568974869;48
dyn_star2;plane.pgm;3;9;5.856087863674273;28.10886683233203;1.0342617152961981;12.584671956647957;86
dyn_star2;plane.pgm;3;9;5.856087863674273;28.10886683233203;1.0342617152961981;12.584671956647957;86
dyn_star2;plane.pgm;3;9;5.841914035521203;28.0075845304234;1.0196037969459348;11.870208105147864;118
dyn_star2;plane.pgm;3;9;5.8271323366483205;28.063340586673387;1.039862837548221;12.268867924528301;94
dyn_star2;plane.pgm;3;9;5.796096947661068;28.063555907678346;1.025811823480433;11.959720434062902;102
dyn_star2;plane.pgm;3;9;5.839716496808742;28.01360095930297;1.015284757118928;12.0216306156406;87
dyn_star2;einstein.pgm;3;9;4.790783957635005;30.85681769348353;1.0517311608961304;11.728896103896103;164
dyn_star2;plane.pgm;3;9;5.793451965929851;28.13047789088308;1.0342881944444444;12.383355551323557;96
dyn_star2;plane.pgm;3;9;5.805246135325398;28.071026155159387;1.0364963503649636;12.271183242121156;98
dyn_star2;plane.pgm;3;9;5.815361360175353;28.0363595566639;1.0157971315734775;11.931192660550458;96
dyn_star2;plane.pgm;3;9;5.836821448678079;28.05079567299456;1.0053147996729355;11.760716223548561;63
dyn_star2;plane.pgm;3;9;5.850931369950684;28.051927238222195;1.016234450769555;12.081939799331103;65
dyn_star2;plane.pgm;3;9;5.823799297718045;28.129880278512978;1.036126224156692;12.418831168831169;79
dyn_star2;einstein.pgm;3;9;4.787536176415039;30.822649693922692;1.0345378319025753;11.531299875864516;125
dyn_star2;plane.pgm;3;9;5.8397164969816;28.01360095929013;1.011050875729775;11.977343893903113;87
dyn_star2;plane.pgm;3;9;5.839716496808742;28.01360095930297;1.013586956521739;12.003876684511722;86
dyn_star2;plane.pgm;3;9;5.796096947661068;28.063555907678346;1.025811823480433;11.959720434062902;102
dyn_star2;plane.pgm;3;9;5.817951329921773;28.09440413636182;1.0480454247652327;12.468839884947268;93
dyn_star2;plane.pgm;3;9;5.816696835002634;28.086105864519794;1.03152476946172;12.259615384615385;86
dyn_star2;plane.pgm;3;9;5.841914035521203;28.0075845304234;1.0196037969459348;11.870208105147864;118
dyn_star2;einstein.pgm;3;9;4.772375304803852;30.867157079964052;1.0708497818408478;11.950928138209887;94
dyn_star2;plane.pgm;3;9;5.823799297718045;28.129880278512978;1.032307025151778;12.37864077669903;80
dyn_star2;plane.pgm;3;9;5.846868681707717;28.062266284035733;1.0140993265993266;12.064007421150277;83
dyn_star2;plane.pgm;3;9;5.855934066087178;28.01918917113238;1.0130651182082124;11.911522256823593;62
dyn_star2;plane.pgm;3;9;5.850931369950684;28.051927238222195;1.016234450769555;12.081939799331103;65
dyn_star2;plane.pgm;3;9;5.793451965929851;28.13047789088308;1.0342881944444444;12.383355551323557;96
dyn_star2;plane.pgm;3;9;5.815361360175353;28.0363595566639;1.0157971315734775;11.931192660550458;96
dyn_star2;einstein.pgm;3;9;4.761208119182735;30.95049737427155;1.0424974823766364;11.611607142857142;122
dyn_star2;plane.pgm;3;9;5.848779751769957;28.000781858017906;1.0201495637723308;11.933382271976509;101
dyn_star2;plane.pgm;3;9;5.841914035521203;28.0075845304234;1.0059039087947883;11.728896103896103;118
dyn_star2;plane.pgm;3;9;5.830991478563983;28.114056424636313;1.0141350210970463;12.090925994793604;105
dyn_star2;plane.pgm;3;9;5.805983470296092;28.089590827640684;0.9960840890354493;11.848578717201166;83
dyn_star2;plane.pgm;3;9;5.8109471852944825;28.06899078166984;1.0107839070924927;11.904979860856828;88
dyn_star2;plane.pgm;3;9;5.817951329921773;28.09440413636182;1.0480454247652327;12.468839884947268;93
dyn_star2;einstein.pgm;3;9;4.745529340279552;30.86395383109449;1.0527379268539099;11.636542591267;54
dyn_star2;plane.pgm;3;9;5.840187540065401;28.047618929694057;1.023052294557097;12.213561232156273;98
dyn_star2;plane.pgm;3;9;5.873279586222366;28.052959761453067;1.0339499455930359;12.425950697496656;60
dyn_star2;plane.pgm;3;9;5.793451965929851;28.13047789088308;1.0342881944444444;12.383355551323557;96
dyn_star2;plane.pgm;3;9;5.831416505175243;27.965108033691198;1.0212722015695994;11.876712328767123;119
dyn_star2;plane.pgm;3;9;5.846868681707717;28.062266284035733;1.0140993265993266;12.064007421150277;83
dyn_star2;plane.pgm;3;9;5.835007649416965;28.09429504754118;1.029374201787995;12.188378631677601;65
