/usr/bin/python3 /users/yabernar/Documents/pycharm-2018.1/helpers/pydev/pydev_run_in_console.py 39543 38748 /users/yabernar/workspace/Stats.py
Running /users/yabernar/workspace/Stats.py
import sys; print('Python %s on %s' % (sys.version, sys.platform))
sys.path.extend(['/users/yabernar/workspace'])
PyDev console: starting.
Python 3.5.2 (default, Nov 23 2017, 16:37:01) 
[GCC 5.4.0 20160609] on linux
a = FullTest()
./image/Audrey.png
Pictures number : [36 33]
	Warning - image size is not divisible by pictures dimensions, the result will be cropped
(10,10) , 15 neurons
Traceback (most recent call last):
  File "/usr/lib/python3.5/code.py", line 64, in runsource
    code = self.compile(source, filename, symbol)
  File "/usr/lib/python3.5/codeop.py", line 168, in __call__
    return _maybe_compile(self.compiler, source, filename, symbol)
  File "/usr/lib/python3.5/codeop.py", line 99, in _maybe_compile
    raise err1
  File "/usr/lib/python3.5/codeop.py", line 87, in _maybe_compile
    code1 = compiler(source + "\n", filename, symbol)
  File "/usr/lib/python3.5/codeop.py", line 133, in __call__
    codeob = compile(source, filename, symbol, self.flags, 1)
  File "<input>", line 1
    (10,10) , 15 neurons
                       ^
SyntaxError: invalid syntax
a.run()
sw;1;0.05;0.6;0.1;13.612726588977141;20.460316586689583;0.9408284023668639;5.105285775676837
star;0.6;0.05;0.6;0.1;14.123293568277312;20.177630680039954;0.9132653061224489;5.169937769267592
star;0.6;0.01;0.1;0.01;8.238742592711999;24.57677798949043;0.980276134122288;5.100244708710772
star;1;0.01;0.6;0.01;10.725775718828693;22.211155274640486;0.9629629629629629;5.090846760370243
koh;1;0.01;0.3;0.1;16.181696670877116;19.20133190339026;0.9570858283433133;5.137075153506875
koh;1;0.05;0.6;0.01;11.380116124469152;21.77251886091506;1.018957345971564;5.092592592592593
koh;0.6;0.01;0.3;0.1;16.266938644492676;19.164913288207416;0.9638916750250752;5.139742147616164
star;0.3;0.05;0.6;0.1;14.130552552289538;20.18657092405264;0.9153924566768603;5.170162764383323
star;0.6;0.1;0.6;0.1;13.984764411806468;20.29660997260061;0.9236180904522613;5.159160984930733
sw;0.3;0.05;0.1;0.01;9.078366054299002;23.693643817236723;0.9874274661508704;5.159609120521172
star;0.6;0.01;0.6;0.01;11.313257282067795;21.748857958503542;0.9690522243713733;5.0960878517501715
star;0.6;0.01;0.3;0.1;13.95056811556106;20.252012282293087;0.9117647058823529;5.168363351605325
koh;1;0.01;0.1;0.01;9.881754063486897;23.077348243967023;1.0183930300096806;5.087140838436175
star;0.6;0.05;0.3;0.01;9.354373655909546;23.35130938517659;0.9846743295019157;5.086923011047358
star;1;0.1;0.1;0.001;7.855515831873941;25.391789645921577;0.9624463519313304;5.115618137191578
star;0.6;0.01;0.1;0.1;12.81590171320755;20.9810177498315;0.9442815249266863;5.1381860646165824
star;0.6;0.01;0.3;0.01;9.80606489517829;23.002678786717297;0.9961202715809894;5.094995067976154
star;0.6;0.1;0.3;0.001;8.94117491964812;23.856236118919718;1.0;5.09783728115345
koh;1;0.01;0.3;0.001;10.686732212384925;22.344380174472892;1.0093896713615023;5.090192381850122
star;0.3;0.1;0.3;0.01;9.401772949006494;23.356080918521446;0.9922705314009662;5.091064923934005
star;0.3;0.1;0.6;0.01;10.072837302012868;22.7126901673676;0.9768115942028985;5.088230255268117
sw;1;0.01;0.1;0.1;13.353515019784888;20.650641317148292;0.9640427599611273;5.178952875016348
star;0.6;0.05;0.1;0.1;12.923953660560603;20.933566962124715;0.9566074950690335;5.148652162607264
star;0.3;0.05;0.6;0.01;10.867938550694305;22.000928262732028;0.9741379310344828;5.102873587904299
sw;0.6;0.01;0.6;0.1;14.232677765509047;20.028303572687037;0.937015503875969;5.176696152337793
sw;0.6;0.01;0.3;0.001;9.892921150906224;22.906000687353327;1.0;5.144638835960506
star;0.6;0.01;0.6;0.1;14.853635078634891;19.842330591314706;0.8869475847893115;5.1950323596291765
sw;1;0.1;0.1;0.1;13.371762640993946;20.639681792422206;0.9640776699029127;5.194805194805195
koh;0.3;0.05;0.6;0.001;11.176774124754917;21.93208317057831;0.9990645463049579;5.081918124652436
koh;1;0.1;0.6;0.01;10.728696008940055;22.334549920786362;1.0123809523809524;5.085398741492231
star;0.6;0.01;0.1;0.001;8.13051486588187;24.860993021765356;0.9703779366700716;5.091064923934005
koh;1;0.1;0.3;0.01;10.175976797138635;22.8442394786604;1.018216682646213;5.0945580856812045
koh;0.6;0.05;0.6;0.001;11.093047513796904;22.033470468533544;1.0113528855250709;5.084310536677223
sw;1;0.05;0.1;0.001;8.128085986768507;24.88787787640677;0.9968944099378882;5.137963843958135
sw;1;0.05;0.3;0.01;9.63685011118958;23.23078884033432;0.9942363112391931;5.179404455682958
star;0.3;0.05;0.3;0.01;9.864811684096889;22.954887425583493;0.9884057971014493;5.092156022288899
sw;0.6;0.05;0.1;0.1;13.502299123577645;20.576948667432376;0.9604743083003953;5.265257279617072
koh;1;0.05;0.1;0.001;8.863951227760705;24.201454684235397;1.0019685039370079;5.1138564848693555
koh;1;0.05;0.6;0.001;10.952177756466087;22.110832879572197;1.005607476635514;5.090846760370243
star;1;0.1;0.6;0.01;9.673538792798086;23.214015031642347;0.975071907957814;5.093029237760439
star;1;0.01;0.3;0.01;9.083481225223212;23.707927329853852;0.9876072449952336;5.090628615503278
star;0.3;0.1;0.1;0.01;8.658917294875193;24.047853207331336;0.9799618320610687;5.16454375516237
star;0.3;0.05;0.1;0.001;8.785346934890372;23.79748398743546;0.9847473784556721;5.145975916139652
sw;1;0.05;0.3;0.001;9.078463738512216;23.933901752850165;0.9860973187686196;5.080831408775982
star;1;0.01;0.1;0.01;7.908486414206138;25.289208109252993;0.9790575916230366;5.105944040916319
koh;0.6;0.1;0.3;0.001;9.810609030243434;23.196746315469202;0.9962406015037594;5.096525096525096
sw;0.3;0.01;0.6;0.1;14.74740409671617;19.823478603130802;0.9169847328244275;5.210754857669196
sw;1;0.05;0.3;0.1;13.430694584763842;20.513141547363503;0.9511025886864813;5.201173328663368
star;0.6;0.05;0.6;0.01;10.3894316510882;22.469665832833712;0.9779270633397313;5.083875385142075
koh;1;0.01;0.6;0.001;11.752338980073889;21.474447009218103;0.9879740980573543;5.081918124652436
sw;0.3;0.01;0.3;0.001;10.53177220373392;22.283480201402163;0.999054820415879;5.160281469898358
sw;0.3;0.05;0.6;0.1;14.032033319105173;20.12959668114138;0.9434324065196549;5.184377045603316
star;1;0.1;0.6;0.1;14.006895464785563;20.352010670474666;0.9061553985872856;5.166115846234128
star;0.3;0.05;0.3;0.001;9.684946761169707;23.015850429253884;0.9866028708133971;5.097399811207414
sw;0.6;0.1;0.1;0.001;8.479750955060275;24.358173681206473;0.994005994005994;5.183019938048078
star;1;0.05;0.6;0.001;9.95031770148552;22.893206168164465;0.9787234042553191;5.085834153859326
star;0.6;0.05;0.1;0.001;7.992391699170388;24.929337130635567;0.9701195219123506;5.096525096525096
star;1;0.05;0.3;0.1;13.637572686210817;20.4630921198179;0.9164179104477612;5.152448280348701
star;0.3;0.1;0.6;0.001;9.947523533484878;22.8852024468733;0.9807877041306436;5.091719526830104
star;0.3;0.05;0.6;0.001;10.840119705127705;22.070409347034232;0.9699903194578896;5.093029237760439
koh;1;0.05;0.6;0.1;16.336144024386453;19.13936452705535;0.9533267130089375;5.139519792342635
koh;1;0.01;0.6;0.1;16.37957633456993;19.128995340420893;0.9600399600399601;5.1426345179862345
star;1;0.01;0.1;0.001;7.817052503061345;25.30454776069055;0.9713983050847458;5.098712446351931
koh;0.6;0.1;0.3;0.1;16.49223262077782;19.089008429502652;0.9553128103277061;5.142411912388538
koh;1;0.05;0.3;0.01;10.629402674002993;22.38342857685258;1.0142045454545454;5.094121178337121
star;1;0.01;0.3;0.001;8.958500473565838;23.918475282592027;0.9865255052935515;5.09915014164306
sw;0.6;0.05;0.1;0.001;8.645276250138576;24.248013829550153;1.0019762845849802;5.210069292167354
sw;1;0.01;0.6;0.001;10.62285505293959;22.309699068977924;0.9990448901623686;5.150884495317378
star;0.3;0.01;0.6;0.01;11.934542503260177;21.298673312211527;0.9555984555984556;5.097399811207414
star;0.6;0.01;0.3;0.001;9.616237311628103;23.07666488887071;0.9895437262357415;5.092592592592593
koh;1;0.05;0.3;0.1;16.3275151344277;19.150394481020697;0.9495049504950495;5.137963843958135
star;0.3;0.1;0.6;0.1;13.845181587847811;20.417625723603514;0.9172482552342971;5.156473805286688
koh;1;0.05;0.1;0.1;16.24241984263629;19.20419446656257;0.9590409590409591;5.143747835122965
sw;0.3;0.1;0.3;0.1;13.743391378088518;20.454982254065293;0.946257197696737;5.197532484578028
star;0.6;0.1;0.6;0.001;9.704043243640774;23.067883231947697;0.983495145631068;5.093902752765629
star;0.6;0.01;0.6;0.001;10.986780972513838;21.95660014854267;0.9638439581351094;5.086923011047358
koh;0.6;0.01;0.3;0.01;11.518051650696366;21.64075930099382;1.0103189493433395;5.089102124742975
sw;1;0.01;0.6;0.01;10.840595678420854;22.108853752203714;0.9907063197026023;5.143747835122965
sw;1;0.01;0.3;0.001;9.584901276751598;23.28177050764829;0.9914204003813155;5.173990679848439
star;0.6;0.05;0.3;0.001;9.201863950425322;23.46329843758133;0.9855630413859481;5.0963064647591265
sw;1;0.05;0.1;0.01;8.275002907235704;24.64829971464635;0.9939698492462311;5.16454375516237
star;1;0.1;0.3;0.01;8.774644680985293;24.118321975024593;0.980544747081712;5.103092783505154
star;1;0.01;0.3;0.1;13.79831543645194;20.362842432914828;0.90927624872579;5.1627482508365565
sw;0.6;0.05;0.3;0.01;9.694520245454013;23.181735580863105;0.9971509971509972;5.159160984930733
star;0.3;0.01;0.1;0.1;13.577975310187503;20.482407167020238;0.9373163565132223;5.189359192766347
star;1;0.1;0.3;0.1;13.587829619339315;20.52328627395797;0.9328657314629258;5.1582649472450175
koh;0.3;0.01;0.1;0.01;10.57437633534845;22.432730264394408;1.0121951219512195;5.0963064647591265
sw;0.6;0.1;0.3;0.001;9.221820480762162;23.63232258359064;0.9932367149758454;5.1582649472450175
star;0.6;0.05;0.3;0.1;13.583828719868702;20.495633415831797;0.9217821782178218;5.157593123209169
sw;1;0.05;0.6;0.001;10.013389935902113;22.794971015813918;0.9943127962085309;5.169487837779035
koh;0.3;0.05;0.1;0.001;9.456519590821026;23.498624423102097;1.011461318051576;5.100901674538428
star;0.3;0.1;0.1;0.1;13.403267348472033;20.579808999797663;0.943952802359882;5.186866922808243
star;0.6;0.1;0.1;0.1;13.025660270617136;20.91719093796925;0.929342492639843;5.136408837390289
star;0.3;0.01;0.3;0.1;14.253182725948013;20.10336029637759;0.8917835671342685;5.174666782820803
koh;0.6;0.01;0.6;0.001;12.146710615065158;21.23142846261902;0.9990689013035382;5.08605188800411
koh;1;0.05;0.3;0.001;10.103669508186028;22.87741502859207;1.0037593984962405;5.09433962264151
star;1;0.1;0.3;0.001;8.542452502094509;24.341764555305986;0.9841112214498511;5.095432125241261
star;1;0.01;0.6;0.1;14.771706392975918;19.882598623406103;0.8796764408493428;5.1825677267373385
sw;1;0.05;0.1;0.1;13.306550718039773;20.683590740988123;0.9620991253644315;5.170387779083431
koh;0.6;0.1;0.1;0.001;8.887627894769565;24.157634038374628;1.0058651026392962;5.10791985553358
koh;0.6;0.1;0.6;0.001;10.37054620262711;22.66162838349662;1.013346043851287;5.08932013879964
sw;0.3;0.01;0.6;0.001;11.640591148803118;21.542966639588915;0.976915974145891;5.162299569808369
sw;0.6;0.05;0.3;0.1;13.61051561571776;20.449034052766567;0.9421252371916509;5.191626971987938
koh;1;0.01;0.3;0.01;11.30486752617425;21.8439276214076;1.0169651272384543;5.095213587236232
sw;1;0.1;0.3;0.01;9.248602291389782;23.5879420870652;1.0;5.156473805286688
sw;0.6;0.1;0.1;0.01;8.552514638277998;24.282412081575323;0.9950347567030785;5.172188602028822
sw;1;0.1;0.3;0.1;13.348266157569242;20.669412587763063;0.9482587064676616;5.112756068170081
koh;0.3;0.05;0.3;0.1;16.257109892895315;19.175186993088982;0.9551345962113659;5.140631761142362
star;0.6;0.1;0.3;0.1;13.806517683944053;20.435325134264946;0.9280719280719281;5.155578700690015
koh;1;0.05;0.1;0.01;9.49813038454619;23.500946173566724;1.016361886429259;5.089538171536287
star;0.3;0.01;0.1;0.01;8.835827460416251;23.75099602269307;0.9923591212989494;5.150214592274678
koh;0.3;0.05;0.1;0.01;9.973843205666745;22.98623714476961;1.0095057034220531;5.090628615503278
star;0.6;0.1;0.6;0.01;9.865337631767687;22.905470774925057;0.9815175097276264;5.090410489330705
sw;0.6;0.01;0.3;0.01;10.242559287017553;22.589983366870193;1.002865329512894;5.152448280348701
sw;1;0.1;0.1;0.001;8.04836482592342;24.869717740035313;0.9927159209157128;5.1841508116599755
star;0.3;0.01;0.1;0.001;8.675384585651328;23.947960663808306;0.9837786259541985;5.119145085534537
sw;0.6;0.01;0.1;0.1;13.596222771555006;20.51150685041151;0.957843137254902;5.252453797860111
sw;0.3;0.1;0.1;0.1;14.192005441947021;20.40533617281287;0.9567354965585054;5.275779376498801
star;1;0.05;0.3;0.001;8.788632267691261;24.002831377504247;0.9796905222437138;5.095432125241261
sw;1;0.05;0.6;0.01;10.340742074378012;22.549552878882064;0.9962121212121212;5.1426345179862345
star;0.3;0.1;0.1;0.001;8.557724122514886;24.08764189068936;0.9902912621359223;5.152224824355972
koh;0.6;0.05;0.6;0.1;16.279332026238315;19.159596812520768;0.9638916750250752;5.144638835960506
star;0.6;0.05;0.1;0.01;8.16142082892096;24.740898964703312;0.9808467741935484;5.106821992004471
sw;0.3;0.05;0.1;0.1;13.493319578993198;20.536697218716103;0.9573643410852714;5.227492739593417
koh;1;0.1;0.1;0.1;16.472950035835954;19.085444415943606;0.9525691699604744;5.14196675900277
koh;0.6;0.01;0.1;0.001;9.448656860548127;23.56331582427587;1.0066539923954372;5.09936901747006
koh;1;0.01;0.1;0.001;9.05918954796335;23.982241819307998;1.00484496124031;5.098493626882966
koh;1;0.1;0.6;0.1;16.52728053982521;19.05553881219277;0.944390243902439;5.139519792342635
koh;1;0.1;0.1;0.01;9.212486810047238;23.874284565973014;1.0126213592233009;5.094121178337121
sw;0.6;0.01;0.6;0.001;11.071198408315185;21.95573780206379;0.9858757062146892;5.152671755725191
sw;1;0.1;0.6;0.001;9.525149715070238;23.40019601152271;0.9970267591674926;5.078442269054846
sw;1;0.01;0.6;0.1;14.060914130080908;20.240135791326477;0.9465346534653465;5.107261080778986
sw;0.3;0.01;0.1;0.1;13.693318456490093;20.477053351011342;0.9424184261036468;5.255706954521323
sw;0.3;0.1;0.1;0.01;9.038804750948469;23.78024395662497;0.9863813229571985;5.224504155855579
koh;0.3;0.1;0.6;0.01;10.833542256218834;22.272974104280074;1.0132701421800947;5.088012334575357
sw;0.6;0.01;0.3;0.1;13.870525274861905;20.355085620545943;0.9538017324350336;5.19730510105871
koh;1;0.1;0.3;0.001;9.719261192813333;23.352872868514677;0.9905926622765757;5.105724600309438
star;0.6;0.1;0.1;0.01;8.067367893790914;24.787312510935664;0.9751737835153923;5.112976113621691
sw;0.3;0.05;0.3;0.001;9.860985991388857;22.922022687825834;0.9868421052631579;5.153342298182449
star;1;0.05;0.1;0.01;7.803939255194689;25.21656192407729;0.9844236760124611;5.103969754253308
sw;1;0.01;0.1;0.01;8.376445860585008;24.63227651395004;0.9909456740442656;5.154460256855258
koh;0.6;0.05;0.1;0.01;9.720588540373704;23.209319045706998;1.0153550863723608;5.09433962264151
star;1;0.1;0.1;0.01;7.8519527104015525;25.35914732642629;0.9765208110992529;5.108578800258009
koh;0.3;0.01;0.1;0.001;9.961189613858267;22.987782394318998;1.0132450331125828;5.097399811207414
star;0.6;0.1;0.3;0.01;8.988570449859795;23.859026079833825;0.9855351976856316;5.102216114069748
sw;0.3;0.01;0.1;0.001;9.4044560671151;23.386673120580774;0.9885057471264368;5.179178655506147
star;0.3;0.05;0.1;0.01;8.777726680546717;23.869811010698378;0.9846743295019157;5.132636308649443
koh;0.6;0.1;0.1;0.01;9.286013447794737;23.71303419558222;1.017458777885548;5.107261080778986
koh;0.6;0.01;0.6;0.01;12.534031452290016;20.97469362314601;0.9990662931839402;5.084745762711864
star;0.6;0.1;0.1;0.001;7.977915508468574;24.824693208699156;0.978894472361809;5.107261080778986
koh;1;0.1;0.3;0.1;16.570515083035332;19.054662090044655;0.9504950495049505;5.145975916139652
koh;0.3;0.1;0.3;0.01;10.29404206509461;22.707486585554445;1.0084586466165413;5.08932013879964
koh;0.6;0.01;0.3;0.001;10.966215343220478;22.058805871717304;1.0075046904315197;5.086705202312139
sw;0.6;0.1;0.3;0.01;9.357888355079135;23.44395954872333;0.9952153110047847;5.145307289185326
sw;0.6;0.01;0.1;0.01;8.744133092408447;24.157422772788976;0.9901768172888016;5.173990679848439
star;1;0.01;0.1;0.1;12.990528095346619;20.879256948509273;0.9419167473378509;5.147090680646419
sw;0.3;0.05;0.6;0.001;10.550398554386186;22.332407239496348;0.9933460076045627;5.129533678756476
koh;1;0.1;0.1;0.001;8.59055884854611;24.525904941737338;1.0091093117408907;5.113196178014978
sw;1;0.1;0.1;0.01;8.072397593815717;24.972331676563115;0.9747474747474747;5.141299173410655
sw;0.6;0.1;0.1;0.1;13.962399490838928;20.403311471510683;0.9527093596059113;5.262458471760797
sw;0.6;0.05;0.6;0.1;13.848868786048143;20.305957406546;0.944337811900192;5.18664047151277
sw;0.6;0.05;0.6;0.001;10.223176441250654;22.67467543326932;1.001890359168242;5.142857142857143
star;0.3;0.1;0.3;0.001;9.403755887482175;23.26496631865158;0.9873540856031129;5.109457657735152
koh;1;0.01;0.6;0.01;12.244694627739282;21.149533567341553;1.0037243947858474;5.091937765205092
koh;0.6;0.01;0.1;0.01;10.183229313799995;22.77623674969798;1.015180265654649;5.094995067976154
sw;0.6;0.01;0.6;0.01;11.26471897126831;21.780797028180206;0.9905749293119699;5.1593850429948755
koh;0.3;0.1;0.3;0.001;9.927822191691758;23.090414865258918;1.0104662226451;5.0998068254990345
koh;0.6;0.05;0.3;0.01;10.858056734273433;22.182830143150348;1.0208926875593543;5.097399811207414
sw;0.6;0.1;0.6;0.001;9.934035009263543;22.914986915332896;0.9847473784556721;5.156473805286688
sw;1;0.1;0.3;0.001;9.043721230502015;23.902218429512043;0.9846596356663471;5.152001387744481
sw;0.3;0.01;0.3;0.1;13.884327874224407;20.247218258748877;0.9400570884871551;5.195713973321671
star;0.3;0.05;0.3;0.1;13.63278654141799;20.477083275834623;0.9072063178677197;5.149321659225868
sw;0.6;0.1;0.3;0.1;13.592156214493007;20.50775659807349;0.94716618635927;5.194350924751869
star;0.3;0.1;0.3;0.1;13.72126934389797;20.48176082323966;0.9242273180458624;5.157145337732246
koh;0.6;0.05;0.3;0.1;16.22526452531924;19.181723812357347;0.9533267130089375;5.140409328891004
koh;0.6;0.1;0.6;0.1;16.49351920945729;19.087446794552832;0.9610778443113772;5.143079787003766
sw;0.3;0.01;0.3;0.01;10.680150060090492;22.17663785101209;0.9981203007518797;5.140186915887851
koh;0.6;0.1;0.6;0.01;10.785219447497411;22.247364610380572;1.0018726591760299;5.089102124742975
koh;1;0.1;0.6;0.001;10.351945775525119;22.667223021507887;1.0066539923954372;5.089756222955315
star;1;0.05;0.6;0.1;14.015431129004401;20.227875237192784;0.905146316851665;5.179856115107913
sw;0.6;0.05;0.1;0.01;8.710053198423703;24.232719370206105;0.9901283316880553;5.179404455682958
sw;0.3;0.05;0.3;0.01;9.972502987264656;22.824230943857273;0.9980952380952381;5.1582649472450175
sw;1;0.01;0.1;0.001;8.160727502235941;24.79065079764524;0.9907881269191402;5.127541110967241
star;0.3;0.01;0.3;0.01;10.50889651133765;22.303914221171812;0.9806763285024155;5.090846760370243
koh;0.3;0.05;0.3;0.01;10.88949744646502;22.143396851396304;1.0075046904315197;5.091064923934005
star;0.6;0.05;0.6;0.001;10.297767851387967;22.50591755083778;0.9721153846153846;5.095432125241261
star;1;0.1;0.1;0.1;13.304116317774321;20.7527693601927;0.9442270058708415;5.143747835122965
sw;0.6;0.1;0.6;0.01;9.84402716025931;23.032361347448354;0.9892787524366472;5.075187969924812
star;0.3;0.01;0.6;0.1;15.110106321571221;19.72271550608043;0.882172131147541;5.194578049846961
koh;0.3;0.05;0.6;0.01;11.629868263444521;21.602192064727127;1.010406811731315;5.085181063265131
star;1;0.01;0.6;0.001;10.396233688739944;22.47803276666087;0.9759615384615384;5.092810905817293
koh;0.6;0.05;0.3;0.001;10.217641121625826;22.72623479913691;1.0180436847103513;5.09783728115345
sw;1;0.1;0.6;0.1;13.753203963793451;20.36222663834168;0.957405614714424;5.183246073298429
sw;0.6;0.05;0.3;0.001;9.638709214672875;23.20304091192063;0.9895437262357415;5.148652162607264
star;0.3;0.01;0.3;0.001;10.276509791886099;22.497760433551072;0.9818355640535373;5.091064923934005
koh;0.3;0.05;0.6;0.1;16.263784832068723;19.166696999088057;0.9678068410462777;5.1426345179862345
koh;0.6;0.1;0.1;0.1;16.50132456142514;19.072263337220644;0.952755905511811;5.14196675900277
koh;0.3;0.1;0.1;0.01;9.534086678091324;23.47328923708597;1.0114832535885168;5.09433962264151
sw;0.3;0.05;0.3;0.1;13.807942987853608;20.325556031181648;0.9404418828049952;5.1839245974604005
koh;0.6;0.1;0.3;0.01;10.215252695725956;22.802032036034863;1.01906577693041;5.093684345924624
sw;1;0.01;0.3;0.01;9.680175729891003;23.18445024790856;0.999031007751938;5.074104130184086
koh;0.6;0.01;0.1;0.1;16.118599958672775;19.233194983374993;0.9618856569709128;5.136408837390289
koh;1;0.01;0.1;0.1;16.179917731989825;19.214957003101475;0.9582089552238806;5.137519460300986
koh;0.6;0.01;0.6;0.1;16.45770328264171;19.09332146237671;0.9484638255698712;5.139742147616164
star;1;0.05;0.6;0.01;10.10455135402316;22.778021898796577;0.9688385269121813;5.0806141213702265
star;1;0.05;0.1;0.001;7.908588617883768;25.19275818348886;0.9810126582278481;5.137519460300986
sw;0.3;0.1;0.6;0.01;10.221736895692358;22.664239807559582;0.9962157048249763;5.15692147415028
koh;0.6;0.05;0.6;0.01;11.471310086475286;21.72198327668207;1.0103871576959396;5.084092951598408
star;1;0.05;0.1;0.1;12.84089953115847;20.946050633790747;0.9492031872509961;5.141521682679824
sw;0.3;0.05;0.6;0.01;10.829532417827183;22.081439829676857;0.993421052631579;5.139075139507722
star;0.3;0.05;0.1;0.1;13.26757451200811;20.675258123060893;0.9503475670307845;5.213270142180095
koh;0.3;0.1;0.6;0.001;10.394313096937832;22.591127773858233;1.0047619047619047;5.084528140380912
koh;0.3;0.01;0.3;0.001;11.478118735192723;21.694145691502772;1.003720930232558;5.087358684480987
sw;0.3;0.1;0.3;0.001;9.502737509428224;23.302254818097687;0.9847764034253093;5.161402441673546
koh;0.3;0.01;0.3;0.01;11.882264163367283;21.39734876110539;0.9990732159406858;5.08932013879964
koh;0.3;0.1;0.1;0.1;16.855813080400498;19.00044746113735;0.9669669669669669;5.152224824355972
koh;0.6;0.05;0.1;0.1;16.34505400475033;19.151799737214624;0.9688128772635815;5.145530145530145
sw;0.6;0.01;0.1;0.001;8.596203367747302;24.347552461289172;1.0111223458038423;5.1490984743411925
koh;0.3;0.05;0.3;0.001;10.501197566249484;22.516378499451637;1.006554307116105;5.093902752765629
koh;0.3;0.1;0.6;0.1;16.563065295097438;19.04570177208931;0.9443359375;5.138630563605692
koh;0.3;0.01;0.1;0.1;16.214652121232866;19.201859781862037;0.9600798403193613;5.137297297297297
koh;0.3;0.05;0.1;0.1;16.392367592108915;19.14215728733606;0.9555335968379447;5.1433024504286085
sw;0.6;0.05;0.6;0.01;10.523248317806505;22.32175267433865;0.9925373134328358;5.14820592823713
sw;0.3;0.1;0.1;0.001;8.70611421077684;24.036830710749708;0.9979959919839679;5.171738278699229
star;0.3;0.01;0.6;0.001;11.790198198198969;21.39078014848878;0.950381679389313;5.093902752765629
sw;0.3;0.05;0.1;0.001;9.074928181467863;23.740486050822227;0.9950445986124876;5.187546395353914
koh;0.3;0.01;0.6;0.01;12.853170613584469;20.760893164709415;0.9925373134328358;5.088230255268117
sw;1;0.01;0.3;0.1;13.633566428902654;20.512989808162168;0.939;5.112976113621691
sw;0.3;0.01;0.6;0.01;11.795510718444982;21.429341945008026;0.9794392523364486;5.147536721695047
star;1;0.05;0.3;0.01;8.960310014420989;23.856865753641078;0.9818007662835249;5.1063829787234045
koh;0.6;0.05;0.1;0.001;9.148593856885434;23.806246845007415;1.0183930300096806;5.102216114069748
koh;0.3;0.01;0.3;0.1;16.297960155808013;19.15725839643485;0.9561316051844466;5.137963843958135
sw;0.3;0.1;0.6;0.001;9.993061273812897;22.872271545110774;0.9924026590693258;5.165891203200418
sw;0.3;0.1;0.6;0.1;13.786145540784316;20.342982978451847;0.9476744186046512;5.196850393700787
sw;0.6;0.1;0.6;0.1;14.061190062502417;20.23411562553469;0.9496124031007752;5.1936696686193935
koh;0.3;0.01;0.6;0.1;16.58117758434438;19.0554212959007;0.9503475670307845;5.140409328891004
sw;0.3;0.1;0.3;0.01;9.586854343039695;23.294690177141412;0.9896030245746692;5.15692147415028
sw;0.3;0.01;0.1;0.01;9.447295911117331;23.314705359172386;0.995164410058027;5.180081974361211
star;1;0.1;0.6;0.001;9.391237337490677;23.39754892008237;1.0019588638589618;5.089756222955315
sw;1;0.1;0.6;0.01;9.592505140854245;23.35495052032683;1.006993006993007;5.0827878321139774
koh;0.3;0.1;0.3;0.1;16.494615480479943;19.068284317850612;0.9535113748763601;5.1433024504286085
koh;0.3;0.1;0.1;0.001;9.136758241105841;23.86491329488756;1.0009661835748793;5.1063829787234045
koh;0.3;0.01;0.6;0.001;12.574199588282974;20.948950006282622;0.9990636704119851;5.088230255268117

