connexions;epsilon_start;epsilon_end;sigma_start;sigma_end;mean_error;psnr;diff_comp;total_comp
sw;1;0.05;0.6;0.1;13.612726588977141;20.460316586689583;0.9408284023668639;5.105285775676837
star;0.6;0.05;0.6;0.1;14.123293568277312;20.177630680039954;0.9132653061224489;5.169937769267592
star;0.6;0.01;0.1;0.01;8.238742592711999;24.57677798949043;0.980276134122288;5.100244708710772
star;1;0.01;0.6;0.01;10.725775718828693;22.211155274640486;0.9629629629629629;5.090846760370243
koh;1;0.01;0.3;0.1;16.181696670877116;19.20133190339026;0.9570858283433133;5.137075153506875
koh;1;0.05;0.6;0.01;11.380116124469152;21.77251886091506;1.018957345971564;5.092592592592593
koh;0.6;0.01;0.3;0.1;16.266938644492676;19.164913288207416;0.9638916750250752;5.139742147616164
star;0.3;0.05;0.6;0.1;14.130552552289538;20.18657092405264;0.9153924566768603;5.170162764383323
star;0.6;0.1;0.6;0.1;13.984764411806468;20.29660997260061;0.9236180904522613;5.159160984930733
sw;0.3;0.05;0.1;0.01;9.078366054299002;23.693643817236723;0.9874274661508704;5.159609120521172
star;0.6;0.01;0.6;0.01;11.313257282067795;21.748857958503542;0.9690522243713733;5.0960878517501715
star;0.6;0.01;0.3;0.1;13.95056811556106;20.252012282293087;0.9117647058823529;5.168363351605325
koh;1;0.01;0.1;0.01;9.881754063486897;23.077348243967023;1.0183930300096806;5.087140838436175
star;0.6;0.05;0.3;0.01;9.354373655909546;23.35130938517659;0.9846743295019157;5.086923011047358
star;1;0.1;0.1;0.001;7.855515831873941;25.391789645921577;0.9624463519313304;5.115618137191578
star;0.6;0.01;0.1;0.1;12.81590171320755;20.9810177498315;0.9442815249266863;5.1381860646165824
star;0.6;0.01;0.3;0.01;9.80606489517829;23.002678786717297;0.9961202715809894;5.094995067976154
star;0.6;0.1;0.3;0.001;8.94117491964812;23.856236118919718;1.0;5.09783728115345
koh;1;0.01;0.3;0.001;10.686732212384925;22.344380174472892;1.0093896713615023;5.090192381850122
star;0.3;0.1;0.3;0.01;9.401772949006494;23.356080918521446;0.9922705314009662;5.091064923934005
star;0.3;0.1;0.6;0.01;10.072837302012868;22.7126901673676;0.9768115942028985;5.088230255268117
sw;1;0.01;0.1;0.1;13.353515019784888;20.650641317148292;0.9640427599611273;5.178952875016348
star;0.6;0.05;0.1;0.1;12.923953660560603;20.933566962124715;0.9566074950690335;5.148652162607264
star;0.3;0.05;0.6;0.01;10.867938550694305;22.000928262732028;0.9741379310344828;5.102873587904299
sw;0.6;0.01;0.6;0.1;14.232677765509047;20.028303572687037;0.937015503875969;5.176696152337793
sw;0.6;0.01;0.3;0.001;9.892921150906224;22.906000687353327;1.0;5.144638835960506
star;0.6;0.01;0.6;0.1;14.853635078634891;19.842330591314706;0.8869475847893115;5.1950323596291765
sw;1;0.1;0.1;0.1;13.371762640993946;20.639681792422206;0.9640776699029127;5.194805194805195
koh;0.3;0.05;0.6;0.001;11.176774124754917;21.93208317057831;0.9990645463049579;5.081918124652436
koh;1;0.1;0.6;0.01;10.728696008940055;22.334549920786362;1.0123809523809524;5.085398741492231
star;0.6;0.01;0.1;0.001;8.13051486588187;24.860993021765356;0.9703779366700716;5.091064923934005
koh;1;0.1;0.3;0.01;10.175976797138635;22.8442394786604;1.018216682646213;5.0945580856812045
koh;0.6;0.05;0.6;0.001;11.093047513796904;22.033470468533544;1.0113528855250709;5.084310536677223
sw;1;0.05;0.1;0.001;8.128085986768507;24.88787787640677;0.9968944099378882;5.137963843958135
sw;1;0.05;0.3;0.01;9.63685011118958;23.23078884033432;0.9942363112391931;5.179404455682958
star;0.3;0.05;0.3;0.01;9.864811684096889;22.954887425583493;0.9884057971014493;5.092156022288899
sw;0.6;0.05;0.1;0.1;13.502299123577645;20.576948667432376;0.9604743083003953;5.265257279617072
koh;1;0.05;0.1;0.001;8.863951227760705;24.201454684235397;1.0019685039370079;5.1138564848693555
koh;1;0.05;0.6;0.001;10.952177756466087;22.110832879572197;1.005607476635514;5.090846760370243
star;1;0.1;0.6;0.01;9.673538792798086;23.214015031642347;0.975071907957814;5.093029237760439
star;1;0.01;0.3;0.01;9.083481225223212;23.707927329853852;0.9876072449952336;5.090628615503278
star;0.3;0.1;0.1;0.01;8.658917294875193;24.047853207331336;0.9799618320610687;5.16454375516237
star;0.3;0.05;0.1;0.001;8.785346934890372;23.79748398743546;0.9847473784556721;5.145975916139652
sw;1;0.05;0.3;0.001;9.078463738512216;23.933901752850165;0.9860973187686196;5.080831408775982
star;1;0.01;0.1;0.01;7.908486414206138;25.289208109252993;0.9790575916230366;5.105944040916319
koh;0.6;0.1;0.3;0.001;9.810609030243434;23.196746315469202;0.9962406015037594;5.096525096525096
sw;0.3;0.01;0.6;0.1;14.74740409671617;19.823478603130802;0.9169847328244275;5.210754857669196
sw;1;0.05;0.3;0.1;13.430694584763842;20.513141547363503;0.9511025886864813;5.201173328663368
star;0.6;0.05;0.6;0.01;10.3894316510882;22.469665832833712;0.9779270633397313;5.083875385142075
koh;1;0.01;0.6;0.001;11.752338980073889;21.474447009218103;0.9879740980573543;5.081918124652436
sw;0.3;0.01;0.3;0.001;10.53177220373392;22.283480201402163;0.999054820415879;5.160281469898358
sw;0.3;0.05;0.6;0.1;14.032033319105173;20.12959668114138;0.9434324065196549;5.184377045603316
star;1;0.1;0.6;0.1;14.006895464785563;20.352010670474666;0.9061553985872856;5.166115846234128
star;0.3;0.05;0.3;0.001;9.684946761169707;23.015850429253884;0.9866028708133971;5.097399811207414
sw;0.6;0.1;0.1;0.001;8.479750955060275;24.358173681206473;0.994005994005994;5.183019938048078
star;1;0.05;0.6;0.001;9.95031770148552;22.893206168164465;0.9787234042553191;5.085834153859326
star;0.6;0.05;0.1;0.001;7.992391699170388;24.929337130635567;0.9701195219123506;5.096525096525096
star;1;0.05;0.3;0.1;13.637572686210817;20.4630921198179;0.9164179104477612;5.152448280348701
star;0.3;0.1;0.6;0.001;9.947523533484878;22.8852024468733;0.9807877041306436;5.091719526830104
star;0.3;0.05;0.6;0.001;10.840119705127705;22.070409347034232;0.9699903194578896;5.093029237760439
koh;1;0.05;0.6;0.1;16.336144024386453;19.13936452705535;0.9533267130089375;5.139519792342635
koh;1;0.01;0.6;0.1;16.37957633456993;19.128995340420893;0.9600399600399601;5.1426345179862345
star;1;0.01;0.1;0.001;7.817052503061345;25.30454776069055;0.9713983050847458;5.098712446351931
koh;0.6;0.1;0.3;0.1;16.49223262077782;19.089008429502652;0.9553128103277061;5.142411912388538
koh;1;0.05;0.3;0.01;10.629402674002993;22.38342857685258;1.0142045454545454;5.094121178337121
star;1;0.01;0.3;0.001;8.958500473565838;23.918475282592027;0.9865255052935515;5.09915014164306
sw;0.6;0.05;0.1;0.001;8.645276250138576;24.248013829550153;1.0019762845849802;5.210069292167354
sw;1;0.01;0.6;0.001;10.62285505293959;22.309699068977924;0.9990448901623686;5.150884495317378
star;0.3;0.01;0.6;0.01;11.934542503260177;21.298673312211527;0.9555984555984556;5.097399811207414
star;0.6;0.01;0.3;0.001;9.616237311628103;23.07666488887071;0.9895437262357415;5.092592592592593
koh;1;0.05;0.3;0.1;16.3275151344277;19.150394481020697;0.9495049504950495;5.137963843958135
star;0.3;0.1;0.6;0.1;13.845181587847811;20.417625723603514;0.9172482552342971;5.156473805286688
koh;1;0.05;0.1;0.1;16.24241984263629;19.20419446656257;0.9590409590409591;5.143747835122965
sw;0.3;0.1;0.3;0.1;13.743391378088518;20.454982254065293;0.946257197696737;5.197532484578028
star;0.6;0.1;0.6;0.001;9.704043243640774;23.067883231947697;0.983495145631068;5.093902752765629
star;0.6;0.01;0.6;0.001;10.986780972513838;21.95660014854267;0.9638439581351094;5.086923011047358
koh;0.6;0.01;0.3;0.01;11.518051650696366;21.64075930099382;1.0103189493433395;5.089102124742975
sw;1;0.01;0.6;0.01;10.840595678420854;22.108853752203714;0.9907063197026023;5.143747835122965
sw;1;0.01;0.3;0.001;9.584901276751598;23.28177050764829;0.9914204003813155;5.173990679848439
star;0.6;0.05;0.3;0.001;9.201863950425322;23.46329843758133;0.9855630413859481;5.0963064647591265
sw;1;0.05;0.1;0.01;8.275002907235704;24.64829971464635;0.9939698492462311;5.16454375516237
star;1;0.1;0.3;0.01;8.774644680985293;24.118321975024593;0.980544747081712;5.103092783505154
star;1;0.01;0.3;0.1;13.79831543645194;20.362842432914828;0.90927624872579;5.1627482508365565
sw;0.6;0.05;0.3;0.01;9.694520245454013;23.181735580863105;0.9971509971509972;5.159160984930733
star;0.3;0.01;0.1;0.1;13.577975310187503;20.482407167020238;0.9373163565132223;5.189359192766347
star;1;0.1;0.3;0.1;13.587829619339315;20.52328627395797;0.9328657314629258;5.1582649472450175
koh;0.3;0.01;0.1;0.01;10.57437633534845;22.432730264394408;1.0121951219512195;5.0963064647591265
sw;0.6;0.1;0.3;0.001;9.221820480762162;23.63232258359064;0.9932367149758454;5.1582649472450175
star;0.6;0.05;0.3;0.1;13.583828719868702;20.495633415831797;0.9217821782178218;5.157593123209169
sw;1;0.05;0.6;0.001;10.013389935902113;22.794971015813918;0.9943127962085309;5.169487837779035
koh;0.3;0.05;0.1;0.001;9.456519590821026;23.498624423102097;1.011461318051576;5.100901674538428
star;0.3;0.1;0.1;0.1;13.403267348472033;20.579808999797663;0.943952802359882;5.186866922808243
star;0.6;0.1;0.1;0.1;13.025660270617136;20.91719093796925;0.929342492639843;5.136408837390289
star;0.3;0.01;0.3;0.1;14.253182725948013;20.10336029637759;0.8917835671342685;5.174666782820803
koh;0.6;0.01;0.6;0.001;12.146710615065158;21.23142846261902;0.9990689013035382;5.08605188800411
koh;1;0.05;0.3;0.001;10.103669508186028;22.87741502859207;1.0037593984962405;5.09433962264151
star;1;0.1;0.3;0.001;8.542452502094509;24.341764555305986;0.9841112214498511;5.095432125241261
star;1;0.01;0.6;0.1;14.771706392975918;19.882598623406103;0.8796764408493428;5.1825677267373385
sw;1;0.05;0.1;0.1;13.306550718039773;20.683590740988123;0.9620991253644315;5.170387779083431
koh;0.6;0.1;0.1;0.001;8.887627894769565;24.157634038374628;1.0058651026392962;5.10791985553358
koh;0.6;0.1;0.6;0.001;10.37054620262711;22.66162838349662;1.013346043851287;5.08932013879964
sw;0.3;0.01;0.6;0.001;11.640591148803118;21.542966639588915;0.976915974145891;5.162299569808369
sw;0.6;0.05;0.3;0.1;13.61051561571776;20.449034052766567;0.9421252371916509;5.191626971987938
koh;1;0.01;0.3;0.01;11.30486752617425;21.8439276214076;1.0169651272384543;5.095213587236232
sw;1;0.1;0.3;0.01;9.248602291389782;23.5879420870652;1.0;5.156473805286688
sw;0.6;0.1;0.1;0.01;8.552514638277998;24.282412081575323;0.9950347567030785;5.172188602028822
sw;1;0.1;0.3;0.1;13.348266157569242;20.669412587763063;0.9482587064676616;5.112756068170081
koh;0.3;0.05;0.3;0.1;16.257109892895315;19.175186993088982;0.9551345962113659;5.140631761142362
star;0.6;0.1;0.3;0.1;13.806517683944053;20.435325134264946;0.9280719280719281;5.155578700690015
koh;1;0.05;0.1;0.01;9.49813038454619;23.500946173566724;1.016361886429259;5.089538171536287
star;0.3;0.01;0.1;0.01;8.835827460416251;23.75099602269307;0.9923591212989494;5.150214592274678
koh;0.3;0.05;0.1;0.01;9.973843205666745;22.98623714476961;1.0095057034220531;5.090628615503278
star;0.6;0.1;0.6;0.01;9.865337631767687;22.905470774925057;0.9815175097276264;5.090410489330705
sw;0.6;0.01;0.3;0.01;10.242559287017553;22.589983366870193;1.002865329512894;5.152448280348701
sw;1;0.1;0.1;0.001;8.04836482592342;24.869717740035313;0.9927159209157128;5.1841508116599755
star;0.3;0.01;0.1;0.001;8.675384585651328;23.947960663808306;0.9837786259541985;5.119145085534537
sw;0.6;0.01;0.1;0.1;13.596222771555006;20.51150685041151;0.957843137254902;5.252453797860111
sw;0.3;0.1;0.1;0.1;14.192005441947021;20.40533617281287;0.9567354965585054;5.275779376498801
star;1;0.05;0.3;0.001;8.788632267691261;24.002831377504247;0.9796905222437138;5.095432125241261
sw;1;0.05;0.6;0.01;10.340742074378012;22.549552878882064;0.9962121212121212;5.1426345179862345
star;0.3;0.1;0.1;0.001;8.557724122514886;24.08764189068936;0.9902912621359223;5.152224824355972
koh;0.6;0.05;0.6;0.1;16.279332026238315;19.159596812520768;0.9638916750250752;5.144638835960506
star;0.6;0.05;0.1;0.01;8.16142082892096;24.740898964703312;0.9808467741935484;5.106821992004471
sw;0.3;0.05;0.1;0.1;13.493319578993198;20.536697218716103;0.9573643410852714;5.227492739593417
koh;1;0.1;0.1;0.1;16.472950035835954;19.085444415943606;0.9525691699604744;5.14196675900277
koh;0.6;0.01;0.1;0.001;9.448656860548127;23.56331582427587;1.0066539923954372;5.09936901747006
koh;1;0.01;0.1;0.001;9.05918954796335;23.982241819307998;1.00484496124031;5.098493626882966
koh;1;0.1;0.6;0.1;16.52728053982521;19.05553881219277;0.944390243902439;5.139519792342635
koh;1;0.1;0.1;0.01;9.212486810047238;23.874284565973014;1.0126213592233009;5.094121178337121
sw;0.6;0.01;0.6;0.001;11.071198408315185;21.95573780206379;0.9858757062146892;5.152671755725191
sw;1;0.1;0.6;0.001;9.525149715070238;23.40019601152271;0.9970267591674926;5.078442269054846
sw;1;0.01;0.6;0.1;14.060914130080908;20.240135791326477;0.9465346534653465;5.107261080778986
sw;0.3;0.01;0.1;0.1;13.693318456490093;20.477053351011342;0.9424184261036468;5.255706954521323
sw;0.3;0.1;0.1;0.01;9.038804750948469;23.78024395662497;0.9863813229571985;5.224504155855579
koh;0.3;0.1;0.6;0.01;10.833542256218834;22.272974104280074;1.0132701421800947;5.088012334575357
sw;0.6;0.01;0.3;0.1;13.870525274861905;20.355085620545943;0.9538017324350336;5.19730510105871
koh;1;0.1;0.3;0.001;9.719261192813333;23.352872868514677;0.9905926622765757;5.105724600309438
star;0.6;0.1;0.1;0.01;8.067367893790914;24.787312510935664;0.9751737835153923;5.112976113621691
sw;0.3;0.05;0.3;0.001;9.860985991388857;22.922022687825834;0.9868421052631579;5.153342298182449
star;1;0.05;0.1;0.01;7.803939255194689;25.21656192407729;0.9844236760124611;5.103969754253308
sw;1;0.01;0.1;0.01;8.376445860585008;24.63227651395004;0.9909456740442656;5.154460256855258
koh;0.6;0.05;0.1;0.01;9.720588540373704;23.209319045706998;1.0153550863723608;5.09433962264151
star;1;0.1;0.1;0.01;7.8519527104015525;25.35914732642629;0.9765208110992529;5.108578800258009
koh;0.3;0.01;0.1;0.001;9.961189613858267;22.987782394318998;1.0132450331125828;5.097399811207414
star;0.6;0.1;0.3;0.01;8.988570449859795;23.859026079833825;0.9855351976856316;5.102216114069748
sw;0.3;0.01;0.1;0.001;9.4044560671151;23.386673120580774;0.9885057471264368;5.179178655506147
star;0.3;0.05;0.1;0.01;8.777726680546717;23.869811010698378;0.9846743295019157;5.132636308649443
koh;0.6;0.1;0.1;0.01;9.286013447794737;23.71303419558222;1.017458777885548;5.107261080778986
koh;0.6;0.01;0.6;0.01;12.534031452290016;20.97469362314601;0.9990662931839402;5.084745762711864
star;0.6;0.1;0.1;0.001;7.977915508468574;24.824693208699156;0.978894472361809;5.107261080778986
koh;1;0.1;0.3;0.1;16.570515083035332;19.054662090044655;0.9504950495049505;5.145975916139652
koh;0.3;0.1;0.3;0.01;10.29404206509461;22.707486585554445;1.0084586466165413;5.08932013879964
koh;0.6;0.01;0.3;0.001;10.966215343220478;22.058805871717304;1.0075046904315197;5.086705202312139
sw;0.6;0.1;0.3;0.01;9.357888355079135;23.44395954872333;0.9952153110047847;5.145307289185326
sw;0.6;0.01;0.1;0.01;8.744133092408447;24.157422772788976;0.9901768172888016;5.173990679848439
star;1;0.01;0.1;0.1;12.990528095346619;20.879256948509273;0.9419167473378509;5.147090680646419
sw;0.3;0.05;0.6;0.001;10.550398554386186;22.332407239496348;0.9933460076045627;5.129533678756476
koh;1;0.1;0.1;0.001;8.59055884854611;24.525904941737338;1.0091093117408907;5.113196178014978
sw;1;0.1;0.1;0.01;8.072397593815717;24.972331676563115;0.9747474747474747;5.141299173410655
sw;0.6;0.1;0.1;0.1;13.962399490838928;20.403311471510683;0.9527093596059113;5.262458471760797
sw;0.6;0.05;0.6;0.1;13.848868786048143;20.305957406546;0.944337811900192;5.18664047151277
sw;0.6;0.05;0.6;0.001;10.223176441250654;22.67467543326932;1.001890359168242;5.142857142857143
star;0.3;0.1;0.3;0.001;9.403755887482175;23.26496631865158;0.9873540856031129;5.109457657735152
koh;1;0.01;0.6;0.01;12.244694627739282;21.149533567341553;1.0037243947858474;5.091937765205092
koh;0.6;0.01;0.1;0.01;10.183229313799995;22.77623674969798;1.015180265654649;5.094995067976154
sw;0.6;0.01;0.6;0.01;11.26471897126831;21.780797028180206;0.9905749293119699;5.1593850429948755
koh;0.3;0.1;0.3;0.001;9.927822191691758;23.090414865258918;1.0104662226451;5.0998068254990345
koh;0.6;0.05;0.3;0.01;10.858056734273433;22.182830143150348;1.0208926875593543;5.097399811207414
sw;0.6;0.1;0.6;0.001;9.934035009263543;22.914986915332896;0.9847473784556721;5.156473805286688
sw;1;0.1;0.3;0.001;9.043721230502015;23.902218429512043;0.9846596356663471;5.152001387744481
sw;0.3;0.01;0.3;0.1;13.884327874224407;20.247218258748877;0.9400570884871551;5.195713973321671
star;0.3;0.05;0.3;0.1;13.63278654141799;20.477083275834623;0.9072063178677197;5.149321659225868
sw;0.6;0.1;0.3;0.1;13.592156214493007;20.50775659807349;0.94716618635927;5.194350924751869
star;0.3;0.1;0.3;0.1;13.72126934389797;20.48176082323966;0.9242273180458624;5.157145337732246
koh;0.6;0.05;0.3;0.1;16.22526452531924;19.181723812357347;0.9533267130089375;5.140409328891004
koh;0.6;0.1;0.6;0.1;16.49351920945729;19.087446794552832;0.9610778443113772;5.143079787003766
sw;0.3;0.01;0.3;0.01;10.680150060090492;22.17663785101209;0.9981203007518797;5.140186915887851
koh;0.6;0.1;0.6;0.01;10.785219447497411;22.247364610380572;1.0018726591760299;5.089102124742975
koh;1;0.1;0.6;0.001;10.351945775525119;22.667223021507887;1.0066539923954372;5.089756222955315
star;1;0.05;0.6;0.1;14.015431129004401;20.227875237192784;0.905146316851665;5.179856115107913
sw;0.6;0.05;0.1;0.01;8.710053198423703;24.232719370206105;0.9901283316880553;5.179404455682958
sw;0.3;0.05;0.3;0.01;9.972502987264656;22.824230943857273;0.9980952380952381;5.1582649472450175
sw;1;0.01;0.1;0.001;8.160727502235941;24.79065079764524;0.9907881269191402;5.127541110967241
star;0.3;0.01;0.3;0.01;10.50889651133765;22.303914221171812;0.9806763285024155;5.090846760370243
koh;0.3;0.05;0.3;0.01;10.88949744646502;22.143396851396304;1.0075046904315197;5.091064923934005
star;0.6;0.05;0.6;0.001;10.297767851387967;22.50591755083778;0.9721153846153846;5.095432125241261
star;1;0.1;0.1;0.1;13.304116317774321;20.7527693601927;0.9442270058708415;5.143747835122965
sw;0.6;0.1;0.6;0.01;9.84402716025931;23.032361347448354;0.9892787524366472;5.075187969924812
star;0.3;0.01;0.6;0.1;15.110106321571221;19.72271550608043;0.882172131147541;5.194578049846961
koh;0.3;0.05;0.6;0.01;11.629868263444521;21.602192064727127;1.010406811731315;5.085181063265131
star;1;0.01;0.6;0.001;10.396233688739944;22.47803276666087;0.9759615384615384;5.092810905817293
koh;0.6;0.05;0.3;0.001;10.217641121625826;22.72623479913691;1.0180436847103513;5.09783728115345
sw;1;0.1;0.6;0.1;13.753203963793451;20.36222663834168;0.957405614714424;5.183246073298429
sw;0.6;0.05;0.3;0.001;9.638709214672875;23.20304091192063;0.9895437262357415;5.148652162607264
star;0.3;0.01;0.3;0.001;10.276509791886099;22.497760433551072;0.9818355640535373;5.091064923934005
koh;0.3;0.05;0.6;0.1;16.263784832068723;19.166696999088057;0.9678068410462777;5.1426345179862345
koh;0.6;0.1;0.1;0.1;16.50132456142514;19.072263337220644;0.952755905511811;5.14196675900277
koh;0.3;0.1;0.1;0.01;9.534086678091324;23.47328923708597;1.0114832535885168;5.09433962264151
sw;0.3;0.05;0.3;0.1;13.807942987853608;20.325556031181648;0.9404418828049952;5.1839245974604005
koh;0.6;0.1;0.3;0.01;10.215252695725956;22.802032036034863;1.01906577693041;5.093684345924624
sw;1;0.01;0.3;0.01;9.680175729891003;23.18445024790856;0.999031007751938;5.074104130184086
koh;0.6;0.01;0.1;0.1;16.118599958672775;19.233194983374993;0.9618856569709128;5.136408837390289
koh;1;0.01;0.1;0.1;16.179917731989825;19.214957003101475;0.9582089552238806;5.137519460300986
koh;0.6;0.01;0.6;0.1;16.45770328264171;19.09332146237671;0.9484638255698712;5.139742147616164
star;1;0.05;0.6;0.01;10.10455135402316;22.778021898796577;0.9688385269121813;5.0806141213702265
star;1;0.05;0.1;0.001;7.908588617883768;25.19275818348886;0.9810126582278481;5.137519460300986
sw;0.3;0.1;0.6;0.01;10.221736895692358;22.664239807559582;0.9962157048249763;5.15692147415028
koh;0.6;0.05;0.6;0.01;11.471310086475286;21.72198327668207;1.0103871576959396;5.084092951598408
star;1;0.05;0.1;0.1;12.84089953115847;20.946050633790747;0.9492031872509961;5.141521682679824
sw;0.3;0.05;0.6;0.01;10.829532417827183;22.081439829676857;0.993421052631579;5.139075139507722
star;0.3;0.05;0.1;0.1;13.26757451200811;20.675258123060893;0.9503475670307845;5.213270142180095
koh;0.3;0.1;0.6;0.001;10.394313096937832;22.591127773858233;1.0047619047619047;5.084528140380912
koh;0.3;0.01;0.3;0.001;11.478118735192723;21.694145691502772;1.003720930232558;5.087358684480987
sw;0.3;0.1;0.3;0.001;9.502737509428224;23.302254818097687;0.9847764034253093;5.161402441673546
koh;0.3;0.01;0.3;0.01;11.882264163367283;21.39734876110539;0.9990732159406858;5.08932013879964
koh;0.3;0.1;0.1;0.1;16.855813080400498;19.00044746113735;0.9669669669669669;5.152224824355972
koh;0.6;0.05;0.1;0.1;16.34505400475033;19.151799737214624;0.9688128772635815;5.145530145530145
sw;0.6;0.01;0.1;0.001;8.596203367747302;24.347552461289172;1.0111223458038423;5.1490984743411925
koh;0.3;0.05;0.3;0.001;10.501197566249484;22.516378499451637;1.006554307116105;5.093902752765629
koh;0.3;0.1;0.6;0.1;16.563065295097438;19.04570177208931;0.9443359375;5.138630563605692
koh;0.3;0.01;0.1;0.1;16.214652121232866;19.201859781862037;0.9600798403193613;5.137297297297297
koh;0.3;0.05;0.1;0.1;16.392367592108915;19.14215728733606;0.9555335968379447;5.1433024504286085
sw;0.6;0.05;0.6;0.01;10.523248317806505;22.32175267433865;0.9925373134328358;5.14820592823713
sw;0.3;0.1;0.1;0.001;8.70611421077684;24.036830710749708;0.9979959919839679;5.171738278699229
star;0.3;0.01;0.6;0.001;11.790198198198969;21.39078014848878;0.950381679389313;5.093902752765629
sw;0.3;0.05;0.1;0.001;9.074928181467863;23.740486050822227;0.9950445986124876;5.187546395353914
koh;0.3;0.01;0.6;0.01;12.853170613584469;20.760893164709415;0.9925373134328358;5.088230255268117
sw;1;0.01;0.3;0.1;13.633566428902654;20.512989808162168;0.939;5.112976113621691
sw;0.3;0.01;0.6;0.01;11.795510718444982;21.429341945008026;0.9794392523364486;5.147536721695047
star;1;0.05;0.3;0.01;8.960310014420989;23.856865753641078;0.9818007662835249;5.1063829787234045
koh;0.6;0.05;0.1;0.001;9.148593856885434;23.806246845007415;1.0183930300096806;5.102216114069748
koh;0.3;0.01;0.3;0.1;16.297960155808013;19.15725839643485;0.9561316051844466;5.137963843958135
sw;0.3;0.1;0.6;0.001;9.993061273812897;22.872271545110774;0.9924026590693258;5.165891203200418
sw;0.3;0.1;0.6;0.1;13.786145540784316;20.342982978451847;0.9476744186046512;5.196850393700787
sw;0.6;0.1;0.6;0.1;14.061190062502417;20.23411562553469;0.9496124031007752;5.1936696686193935
koh;0.3;0.01;0.6;0.1;16.58117758434438;19.0554212959007;0.9503475670307845;5.140409328891004
sw;0.3;0.1;0.3;0.01;9.586854343039695;23.294690177141412;0.9896030245746692;5.15692147415028
sw;0.3;0.01;0.1;0.01;9.447295911117331;23.314705359172386;0.995164410058027;5.180081974361211
star;1;0.1;0.6;0.001;9.391237337490677;23.39754892008237;1.0019588638589618;5.089756222955315
sw;1;0.1;0.6;0.01;9.592505140854245;23.35495052032683;1.006993006993007;5.0827878321139774
koh;0.3;0.1;0.3;0.1;16.494615480479943;19.068284317850612;0.9535113748763601;5.1433024504286085
koh;0.3;0.1;0.1;0.001;9.136758241105841;23.86491329488756;1.0009661835748793;5.1063829787234045
koh;0.3;0.01;0.6;0.001;12.574199588282974;20.948950006282622;0.9990636704119851;5.088230255268117
sw;0.6;0.1;0.3;0.01;7.9935620364190845;25.102545397857277;1.109791565681047;22.470806991446633
koh;1;0.05;0.1;0.01;7.831472455337808;25.263660893462855;1.1589117721840834;23.325226790194943
sw;1;0.05;0.3;0.1;8.901716999244037;23.5066678552173;1.0792485424314402;20.587393526405453
sw;1;0.05;0.6;0.01;7.739695444483961;25.066411966172602;1.1249121162409186;21.888788262995835
sw;0.6;0.05;0.6;0.001;7.675086279935877;24.952996151901278;1.1193598577461659;21.031674208144796
star;0.3;0.01;0.3;0.001;7.55963900321526;25.045943055746758;1.1127687582272927;20.796420581655482
sw;0.6;0.01;0.3;0.001;7.56055096308124;25.145419153353544;1.1216216216216217;21.234932349323493
sw;1;0.05;0.1;0.01;8.11072281557096;25.233519709149867;1.0986959856814114;23.41108097636575
koh;0.3;0.01;0.1;0.1;9.824422563711886;22.70363143493323;1.1330935251798562;21.231201686577652
koh;0.3;0.1;0.1;0.001;7.944331430195492;25.145679568128678;1.154233870967742;23.146523654472322
koh;0.6;0.05;0.1;0.001;7.7956485606381865;25.26823230881992;1.11800635230882;22.622238861849496
koh;0.3;0.1;0.3;0.001;7.888156144784952;25.06366974509556;1.1508339376359682;22.42077922077922
koh;1;0.05;0.1;0.001;8.033853250640538;25.249072994143518;1.1189189189189188;23.54793452844895
koh;0.3;0.1;0.3;0.1;9.92476510320269;22.441478171843222;1.1084915957214583;20.742876759354616
sw;1;0.1;0.3;0.001;8.10463190646115;25.174001067619372;1.1167007150153219;23.35678391959799
koh;1;0.1;0.3;0.001;7.938577125788564;25.122995839286943;1.144602343555223;22.948727687048994
koh;0.6;0.05;0.1;0.01;7.703810534956791;25.13470868351769;1.1366806136680614;21.74698578369624
koh;0.6;0.1;0.3;0.001;7.863035441298716;25.116103072083654;1.1542263964409294;22.801509433962263
sw;0.3;0.1;0.3;0.001;7.916827830557907;25.156071485022082;1.0953978906999042;22.25971633818383
koh;1;0.05;0.3;0.001;7.675745709139421;25.12638787110584;1.16773733047823;22.14550119113066
koh;0.3;0.05;0.1;0.001;7.744183751022056;25.167187526266165;1.1555336455508998;22.754283562417623
star;1;0.01;0.1;0.01;8.133200880159835;25.205580574732565;1.068974293713413;23.34324898589917
sw;0.6;0.01;0.3;0.1;9.06775792093624;23.275109614323544;1.0861493533583646;20.107820299500833
koh;0.6;0.1;0.3;0.1;9.874140784482764;22.498719455695102;1.1060672195547796;20.75
koh;1;0.01;0.1;0.001;7.794831419860748;25.29944992127237;1.1317036667498128;22.97490494296578
koh;1;0.1;0.3;0.01;7.951740675791205;25.014210349187795;1.1370871941078642;22.104993597951346
sw;1;0.05;0.1;0.001;8.239154590883253;25.206203605448593;1.08736594297672;23.81241379310345
sw;0.6;0.01;0.1;0.1;9.00095920379864;23.614590150646535;1.1140657802659202;21.940450254175744
sw;0.6;0.05;0.3;0.01;7.73208783772607;25.166105986318684;1.119064662371749;22.186157517899762
star;0.3;0.01;0.1;0.01;7.850972035706529;25.319021724044866;1.1400409626216077;23.461075519316637
sw;0.6;0.05;0.1;0.01;7.998238698517987;25.272247825845326;1.13345379452762;23.58009756097561
sw;1;0.01;0.3;0.001;7.758298695408577;25.231338127624806;1.1098821832171195;22.346153846153847
koh;0.6;0.05;0.6;0.1;9.765128865206059;22.622047349043292;1.1150208928964152;20.864640883977902
sw;0.3;0.05;0.6;0.1;8.953726740893778;23.359781394613147;1.0912339709901198;20.188439692616104
sw;1;0.05;0.3;0.01;7.834193267725423;25.16878374065478;1.1011289935142925;22.292565947242206
sw;1;0.01;0.3;0.01;7.616135626521293;25.08806734329072;1.1446974925235796;21.60700876095119
koh;0.3;0.05;0.6;0.1;9.78652394620899;22.601342783100343;1.1109162647961421;20.82509047044632
sw;0.6;0.01;0.1;0.01;7.87236981811312;25.30371267950947;1.1085714285714285;22.926958831341302
sw;0.3;0.01;0.1;0.001;7.79056347492561;25.19532396364599;1.1106372897417673;22.109037687522868
koh;0.6;0.1;0.6;0.1;9.890590961028018;22.48941001496525;1.1069018070977574;20.71443263627014
koh;0.6;0.05;0.6;0.01;7.688992349700038;24.867557550915866;1.1809480401093893;21.41176470588235
koh;0.6;0.1;0.6;0.01;7.833126402058657;24.90403924199925;1.183305667536163;22.076726342710998
sw;1;0.01;0.6;0.001;7.654816252600771;24.86801535859292;1.1325354609929077;20.973273169038528
koh;0.3;0.1;0.1;0.01;7.942293033571535;25.12565760408127;1.1654421079300734;23.253415431979988
star;0.6;0.01;0.3;0.001;7.7588193110207895;25.208377094090366;1.1057142857142856;22.16987708677307
star;0.6;0.1;0.6;0.01;7.946764709683011;25.092596736519557;1.1259384838944053;22.458279130273183
koh;0.6;0.01;0.3;0.01;7.632893430118247;24.81431652173225;1.1790480427046264;21.009735744089014
sw;0.6;0.1;0.3;0.001;7.981890187879127;25.177882621143528;1.1129191321499015;22.758568738229755
sw;0.6;0.1;0.3;0.1;9.022852356514269;23.4033993040945;1.0881968641114983;20.71443263627014
sw;0.3;0.05;0.3;0.1;8.93482083428662;23.47512479158382;1.0829183806018619;20.633088611917366
koh;0.6;0.05;0.3;0.1;9.726720958228828;22.64563599507488;1.1119402985074627;20.84304932735426
sw;1;0.05;0.6;0.001;7.791753083241119;24.906498427141702;1.110142984807864;21.112508735150243
koh;1;0.05;0.3;0.1;9.779487356669858;22.626966681411922;1.1068003487358327;20.728644939965694
star;1;0.1;0.6;0.01;7.983975477974977;25.165152425093993;1.1107029145236347;22.64343264005996
star;0.3;0.05;0.3;0.1;8.037512992435932;24.22027697766397;1.1023589743589743;19.74317921908185
koh;1;0.01;0.3;0.1;9.839859585332299;22.690658704275325;1.1250837614473979;21.14575678040245
koh;1;0.1;0.1;0.01;8.048409352331944;25.19535402416998;1.1151241534988714;23.06699751861042
koh;1;0.05;0.6;0.01;7.6405730911436205;24.886832494551868;1.1807173863376743;21.457386363636363
koh;1;0.01;0.1;0.01;7.628723089601972;25.17473516747778;1.177756425654576;22.329637841832962
star;1;0.1;0.1;0.1;8.188194201084844;24.17272378399761;1.110735418427726;20.215456674473067
sw;0.6;0.05;0.3;0.1;8.911469585519283;23.410168162596243;1.0740899357601712;20.434223875549545
sw;0.3;0.05;0.1;0.1;9.203605154857549;23.309218398335304;1.074944071588367;21.30230918385334
sw;1;0.1;0.1;0.1;8.99086476326788;23.527654413203138;1.1007963594994312;21.484088888888888
sw;0.6;0.1;0.1;0.001;8.240325379310024;25.169556746200904;1.111286503551697;23.88300395256917
koh;0.3;0.05;0.1;0.1;9.805632512426879;22.69322536365784;1.1208546628088136;21.053658536585367
koh;0.3;0.01;0.1;0.001;7.563354356083964;25.08567859183088;1.1778880226789512;22.044509303174024
koh;0.3;0.05;0.6;0.01;7.650513615663115;24.834874711185556;1.1890049977283053;21.35500971903163
koh;0.3;0.01;0.3;0.001;7.596764733678416;24.86815652034948;1.1693904593639577;20.90795847750865
koh;1;0.1;0.1;0.1;9.89811318408201;22.47727573844753;1.110186199342826;20.80716253443526
koh;1;0.05;0.6;0.1;9.717280923997821;22.658976681149497;1.112012275317843;20.82509047044632
koh;0.3;0.01;0.6;0.01;7.851589426698244;24.481492575389026;1.175980714442253;20.77139910622207
koh;1;0.05;0.6;0.001;7.646880212701983;24.91229869226574;1.1884393063583816;21.657347670250896
sw;1;0.1;0.3;0.01;7.9864877345294;25.150815066550095;1.1054054054054054;22.71578947368421
sw;0.3;0.05;0.3;0.01;7.721263935786622;25.090483321494656;1.1203290246768507;21.92452830188679
koh;1;0.01;0.3;0.001;7.565098900316258;24.983442205345767;1.1731123388581952;21.58385425968923
koh;0.3;0.1;0.6;0.01;7.781605559342012;24.885084411331952;1.1761827079934748;21.786190733729946
koh;0.3;0.1;0.6;0.001;7.742368097171056;24.976178268993475;1.1651848385587271;21.884824339007604
star;0.3;0.1;0.6;0.001;7.846424593680323;25.066158045956882;1.0998628884826325;21.4726368159204
sw;0.3;0.1;0.3;0.1;9.231669286555677;23.332170860042545;1.0866141732283465;20.785689714482285
sw;0.3;0.05;0.3;0.001;7.716937730381978;25.114881814923777;1.1084927671488567;21.813718411552347
koh;0.6;0.01;0.3;0.1;9.838047060902475;22.694104001796017;1.1332133213321331;21.272311212814646
sw;0.3;0.1;0.6;0.001;7.835189705051818;24.961198762933208;1.1445303349730616;21.908629441624367
koh;0.3;0.05;0.3;0.01;7.645057781855977;24.96698318660398;1.1854243542435425;21.60700876095119
koh;0.6;0.1;0.1;0.001;8.133720696995937;25.192323630013007;1.1224226804123711;23.552523874488404
star;0.6;0.1;0.3;0.001;7.989707936738799;25.195600648460843;1.1015625;22.609541627689428
koh;0.3;0.05;0.1;0.01;7.637788335787666;25.133559861035085;1.148242960204794;21.786190733729946
koh;0.6;0.1;0.6;0.001;7.797932834212036;24.969291541334574;1.1641158464798682;21.960385244412137
star;0.3;0.05;0.1;0.1;7.987571554386369;24.354153808804426;1.1182612401448966;20.32767031118587
koh;0.3;0.01;0.6;0.1;9.84042589638331;22.709884016126797;1.1244979919678715;21.119888150996154
star;0.6;0.05;0.1;0.01;8.073698372336493;25.273489241069306;1.1092415221330572;23.616963064295486
star;0.3;0.1;0.1;0.01;8.10342648499988;25.228338755962906;1.0989649078515527;23.164270653632357
sw;0.6;0.01;0.6;0.01;7.7209136852226345;24.717920292105493;1.1265984654731458;20.358490566037737
koh;0.6;0.01;0.6;0.1;9.840954568462271;22.686705443685838;1.1323298135250506;21.23866432337434
sw;1;0.1;0.1;0.01;8.300129667887164;25.135338561497313;1.0864516129032258;23.538761199844178
star;0.6;0.1;0.1;0.01;8.412499656725688;25.115444683532782;1.0780513357778942;23.82180169524936
star;0.6;0.05;0.3;0.1;7.957582799690019;24.307274957512952;1.1117793446702613;19.909060955518946
koh;0.3;0.01;0.3;0.1;9.887268503930587;22.703329434410247;1.1338139220545167;21.27980278217996
sw;0.3;0.1;0.1;0.1;9.470257647326502;23.113949204834256;1.0914419695193436;22.12522885389967
koh;0.3;0.05;0.6;0.001;7.672842292823374;24.91232337326071;1.1803993573559788;21.53385602280827
koh;0.6;0.05;0.3;0.01;7.672872116535752;24.937707299522213;1.173117033603708;21.68455051139422
koh;0.6;0.01;0.1;0.01;7.596092892244769;25.128125653349194;1.178350023843586;22.18208516886931
sw;1;0.01;0.3;0.1;8.847050735140886;23.45895519816702;1.0907705703090989;20.739316972713233
koh;0.3;0.01;0.3;0.01;7.719871985223201;24.714005322033398;1.17574421168688;20.889887640449437
koh;0.3;0.05;0.3;0.001;7.683492827503292;25.020636770320998;1.1706803834463408;21.857117019352504
koh;0.6;0.01;0.6;0.001;7.717720212431355;24.67513834783777;1.185720640569395;21.04266063033258
star;0.3;0.01;0.6;0.1;8.203367413468266;23.970505152048922;1.1092419522326065;19.948497854077253
star;0.3;0.1;0.6;0.1;8.186787400897373;24.166939943723442;1.122059758423395;20.269708151626972
sw;1;0.1;0.6;0.001;7.927725816551866;25.136597793286136;1.106953162723322;22.404152762328515
sw;1;0.1;0.6;0.1;9.092379369069564;23.226187459628576;1.0979093355412959;19.955085865257598
star;1;0.01;0.6;0.01;7.6297347684330905;25.050544729061723;1.1159387663214768;21.22374429223744
koh;1;0.05;0.3;0.01;7.659299930072841;24.991626419694626;1.1704940848990952;21.707921681336448
koh;0.6;0.01;0.6;0.01;7.7755837525208555;24.582640821202162;1.1859385363696662;20.94056489343268
star;0.3;0.01;0.3;0.1;8.047781501081298;24.138498958938683;1.0904684975767367;19.504196255648807
star;1;0.1;0.3;0.01;8.093667727305293;25.176306640189278;1.083086785009862;22.767143933685002
star;1;0.01;0.3;0.001;7.885745057661208;25.257667021633562;1.1253440080060044;23.036218070911172
sw;0.6;0.05;0.1;0.001;8.082978335826192;25.255836826806828;1.1236629272110619;23.774936061381073
sw;1;0.1;0.6;0.01;7.928003626160042;25.09998397835915;1.1156167028723147;22.37925925925926
koh;0.6;0.1;0.1;0.1;9.850524952573885;22.461215286300448;1.1092931937172774;20.739316972713233
koh;0.3;0.05;0.3;0.1;9.779999525545307;22.631718623670704;1.1145558487247142;20.875453446191052
star;0.3;0.1;0.3;0.001;8.03900244262228;25.148668048931484;1.1172670807453415;22.892214434552
sw;0.3;0.01;0.3;0.001;7.597352948907853;25.061322715507302;1.1272727272727272;21.370114942528737
koh;0.6;0.05;0.3;0.001;7.667351692612492;25.04224311743265;1.183779938344795;22.076726342710998
sw;0.6;0.1;0.6;0.01;7.952694177378821;24.905831083074126;1.1253179190751446;21.70402298850575
koh;1;0.1;0.1;0.001;8.180532793174653;25.162046333966668;1.106162610046608;23.60773588591522
koh;0.6;0.05;0.6;0.001;7.632347584708646;24.888917371209203;1.1779603011635866;21.445962732919256
star;0.6;0.1;0.3;0.1;8.148460473296872;24.17770489655766;1.1026115566522723;19.77548682703322
koh;1;0.01;0.6;0.1;9.842388072842526;22.68120512676051;1.1280214861235451;21.18282208588957
sw;1;0.01;0.1;0.01;8.024593397856775;25.319093428061834;1.114993481095176;23.77025963808025
star;1;0.05;0.3;0.001;7.993263449848087;25.254054332998436;1.1040780585439078;23.040610104861774
sw;0.6;0.01;0.3;0.01;7.6048241864839;25.065939407088074;1.1328018223234624;21.423151923417834
sw;0.6;0.05;0.1;0.1;9.026533167179675;23.53451497945646;1.0890457754497835;21.549215406562055
koh;1;0.01;0.3;0.01;7.631629252885699;24.864394922425568;1.170589553911679;21.142057382785165
sw;0.3;0.05;0.6;0.001;7.8420985382021335;24.787152327465748;1.1231450719822813;20.991488622546466
koh;1;0.1;0.6;0.1;9.92963816785422;22.529895416698402;1.1141101601931096;20.82867976559807
sw;0.6;0.1;0.6;0.001;7.997671402212406;25.005856941661364;1.109874826147427;21.727436174038115
star;1;0.05;0.6;0.001;7.823791619298162;25.121954874692072;1.100371747211896;21.73525179856115
sw;0.3;0.01;0.6;0.001;7.688951972271648;24.693621153690238;1.1148477157360406;20.215456674473067
sw;1;0.1;0.1;0.001;8.352977422023098;25.11536612638524;1.0775052192066805;23.760912308297286
star;1;0.01;0.3;0.01;7.743935116447451;25.245960621267667;1.110522513845413;22.37511571931124
star;1;0.01;0.6;0.1;8.101579107421918;24.021025151287645;1.0879341497691226;19.416452442159382
star;1;0.05;0.3;0.01;7.935873687814506;25.21749114602442;1.0811852565646831;22.37097371343947
star;1;0.05;0.1;0.001;8.26674751665284;25.15271428369878;1.0634511220015477;23.566302652106085
koh;1;0.1;0.3;0.1;9.930975823102365;22.474334045414114;1.110965487112276;20.778541953232462
sw;0.3;0.05;0.1;0.001;7.855704106464093;25.223645156936406;1.13696908771048;23.106692160611853
koh;0.3;0.1;0.6;0.1;9.867675071129414;22.47487145357944;1.1264393268379096;20.99513551077137
koh;0.3;0.1;0.3;0.01;7.839903205552945;25.02377470455442;1.1475791433891993;21.78226387887527
sw;0.3;0.01;0.3;0.1;8.888040478438915;23.47251919858732;1.0911276223776223;20.796420581655482
sw;0.6;0.1;0.1;0.1;9.12124457720186;23.50167766923352;1.1050509841119278;22.198383541513593
sw;1;0.1;0.3;0.1;9.067634454402585;23.350081782995513;1.0710008554319932;20.40317406719568
koh;0.6;0.05;0.1;0.1;9.748175921348023;22.6584555739621;1.116053732658005;20.889887640449437
sw;1;0.05;0.6;0.1;9.063133484714918;23.242412263761288;1.0888377926421404;20.107820299500833
star;0.3;0.05;0.6;0.001;7.641909243398696;24.990624825538394;1.0932957257539597;20.6119733924612
sw;0.3;0.01;0.6;0.1;9.11147094691511;23.19068613287679;1.0853735091023227;20.1581317764804
star;1;0.05;0.1;0.1;8.05272617044936;24.27719839580947;1.1274509803921569;20.34135667396061
koh;1;0.01;0.6;0.01;7.719882240333036;24.667306406970905;1.1705882352941177;20.671912418747862
star;1;0.1;0.3;0.1;8.180287521919324;24.139446793960893;1.0942179700499168;19.955085865257598
star;0.3;0.01;0.1;0.1;7.996060795108899;24.31404771227456;1.1029504080351538;20.067751577548986
sw;1;0.05;0.1;0.1;8.921814528364076;23.457962760232395;1.0859240069084628;20.56637168141593
star;0.6;0.05;0.6;0.01;7.68096785523227;25.015256196494818;1.099031690140845;20.871848013816926
star;1;0.01;0.3;0.1;7.981185806843495;24.22372358613208;1.1170833333333334;19.984785844220273
sw;0.3;0.1;0.6;0.1;9.055689832649842;23.230422187488642;1.1001687051876845;20.22222222222222
koh;1;0.05;0.1;0.1;9.850353179240331;22.548101637869365;1.1161816578483246;20.922437673130194
star;1;0.01;0.1;0.1;8.005420204507578;24.317933558859224;1.0850622406639003;19.935334872979215
sw;0.3;0.01;0.1;0.01;7.682449027460738;25.105435039412264;1.138422035480859;21.872941176470587
sw;0.6;0.1;0.6;0.1;9.064980948197213;23.353929533410998;1.0807575097953852;20.696694639493064
star;0.6;0.1;0.3;0.01;7.9929195766480685;25.1954469002891;1.1149052841475573;22.95744680851064
star;1;0.05;0.3;0.1;8.064684091123311;24.210708545680415;1.109486000835771;20.04777704047777
sw;0.6;0.01;0.6;0.1;8.941309781349698;23.398811418790196;1.0868621064060804;20.71443263627014
star;0.6;0.05;0.3;0.01;7.804555638052181;25.20358942831252;1.1072283389181428;22.251519057263856
koh;0.3;0.01;0.1;0.01;7.553928989920267;24.949865009863494;1.1692062770070502;21.423151923417834
star;0.3;0.05;0.1;0.01;7.944770158639592;25.28127125472082;1.121699773698768;23.115531752104054
star;0.3;0.01;0.1;0.001;7.774361936181758;25.327473489116432;1.1013791434793128;22.44993498049415
sw;1;0.01;0.1;0.001;8.080477551602453;25.259304630285364;1.0732693279434058;23.21321552055321
sw;0.6;0.05;0.6;0.01;7.694183932353889;24.948459231091785;1.1247498332221482;21.009735744089014
star;1;0.1;0.6;0.1;8.428301084471423;23.870033659682836;1.0829417773237997;19.67247273319225
koh;0.6;0.1;0.3;0.01;7.7859928933343205;25.013522181819376;1.1636750118091639;22.000364099763335
star;0.3;0.01;0.3;0.01;7.562851295829808;25.032895107151084;1.1240053050397878;20.936936936936938
star;0.6;0.01;0.1;0.01;8.002517978296128;25.315287556747172;1.1064599483204134;23.60773588591522
sw;0.3;0.01;0.6;0.01;7.772862782195152;24.60124007322164;1.1058577405857741;20.051103368176538
star;0.3;0.05;0.6;0.1;8.092139391947615;24.095506769123833;1.0788738019169328;19.314048265942144
koh;0.6;0.01;0.3;0.001;7.536517054696986;24.935743758879187;1.172678088367899;21.253605346465
sw;1;0.01;0.1;0.1;8.865224278972155;23.518295670910327;1.0845101021073213;20.717983884793416
star;1;0.1;0.1;0.01;8.439309005955634;24.985818152495902;1.0484771573604061;23.24
sw;1;0.05;0.3;0.001;7.7866497137390605;25.25660861255142;1.1191344517383905;22.533656535521164
star;0.6;0.1;0.1;0.1;8.252998409822874;24.141727252602152;1.1141141141141142;20.472302219210572
sw;0.3;0.1;0.6;0.01;7.85949794463079;24.954832620974287;1.1393253234750462;21.680660208109078
sw;0.3;0.05;0.6;0.01;7.778590871765931;24.84079452807338;1.1457581227436824;21.27980278217996
star;1;0.01;0.6;0.001;7.575149760682131;25.07087075200142;1.107627307093618;21.02801461632156
star;0.6;0.01;0.1;0.001;8.071682193183733;25.264313467379083;1.0955200823892894;23.561707935270032
star;0.3;0.1;0.1;0.001;8.11859797918771;25.20957807473588;1.1037735849056605;23.338740826573968
sw;1;0.01;0.6;0.1;9.089295147022492;23.137403294587862;1.0801487296013221;19.964976044936396
koh;1;0.1;0.6;0.01;7.788605582433808;24.93347594340407;1.168494749124854;21.809781627865007
star;0.3;0.05;0.6;0.01;7.6467449396445675;25.006057127787482;1.1172949002217294;20.980555555555554
sw;0.3;0.1;0.3;0.01;7.9192780024363;25.10596906058096;1.1197575757575757;22.470806991446633
sw;1;0.01;0.6;0.01;7.730451802492059;24.7230712190027;1.1105942059632057;20.24254606365159
sw;0.6;0.01;0.1;0.001;8.000295778328812;25.2955144933355;1.1018896833503575;23.402013942680092
star;0.6;0.1;0.6;0.001;7.949993647580313;25.1150816510833;1.1017476657888436;22.263817243920414
star;0.6;0.01;0.3;0.01;7.624473324422912;25.163895948138624;1.1042374801722183;21.34369480748852
koh;1;0.1;0.6;0.001;7.846505989458031;24.941967079356786;1.1504424778761062;21.774414414414416
star;1;0.01;0.1;0.001;8.14028933186237;25.188657527696705;1.0499748869914616;23.093445442384866
star;0.3;0.05;0.1;0.001;7.9311189479994;25.31176513536404;1.0991857883049594;22.81442325844818
sw;0.3;0.05;0.1;0.01;7.875944591144508;25.166799386729796;1.1193921852387845;22.40830706471352
star;0.6;0.01;0.6;0.01;7.59529869401667;24.92848438117258;1.09775571860164;20.52445652173913
star;1;0.1;0.3;0.001;8.197909732589409;25.18969189022384;1.1039195461578133;23.538761199844178
star;0.3;0.1;0.6;0.01;7.913946119552577;25.021625126865125;1.1187150837988826;21.76657060518732
star;1;0.1;0.1;0.001;8.544916723820354;24.95189602228539;1.0512353706111834;23.635439076862898
star;0.3;0.05;0.3;0.001;7.779951085338544;25.15690438283856;1.101750291715286;21.829479768786126
star;0.6;0.05;0.3;0.001;7.897703879977961;25.21343219462083;1.1127415015896307;22.626474442988204
sw;0.3;0.1;0.1;0.001;8.16651692802893;25.16242094078691;1.1339963360376866;23.807722616233253
sw;0.6;0.05;0.6;0.1;8.909352889786366;23.47141077690629;1.0895587592835299;20.785689714482285
sw;0.3;0.01;0.3;0.01;7.596446170340178;24.90480298283846;1.1287371709058456;21.046325322187393
star;0.3;0.1;0.1;0.1;8.28317083297345;24.060939492340644;1.1064726966055238;20.16822429906542
sw;0.3;0.01;0.1;0.1;9.076729399004078;23.442909344846026;1.0883134130146082;21.06466794491895
star;0.6;0.01;0.6;0.1;8.1626748602587;23.980219676649813;1.0841083704003236;19.53888439773646
koh;1;0.01;0.6;0.001;7.675528462734734;24.716909592947573;1.1865249830431834;21.27605633802817
star;0.3;0.1;0.3;0.01;7.915927906911355;25.136781876560907;1.0903686087990487;22.14550119113066
star;0.6;0.05;0.6;0.1;8.085431808829972;24.156536598503493;1.121167883211679;20.024523612261806
star;0.3;0.05;0.3;0.01;7.702564840814441;25.16707142764524;1.1079790861559444;21.38145789101203
star;0.6;0.05;0.1;0.001;8.102512278635794;25.254782806640158;1.097172236503856;23.502139245429795
star;1;0.05;0.1;0.01;8.291784598936534;25.141220451484564;1.0701617110067814;23.742239685658152
star;0.3;0.1;0.3;0.1;8.151546756138078;24.177067363825174;1.114644351464435;20.051103368176538
sw;0.6;0.05;0.3;0.001;7.759297483581701;25.211156990866677;1.1300970873786407;22.483348837209302
koh;0.3;0.1;0.1;0.1;9.942894225645906;22.45333383793541;1.111474694589878;20.75356345526361
sw;0.6;0.1;0.1;0.01;8.110019403373178;25.228035504559045;1.1202072538860104;23.649315068493152
koh;0.6;0.01;0.1;0.1;9.882338755508076;22.71415926688715;1.1319225574065737;21.27605633802817
star;0.3;0.01;0.6;0.01;7.619269614076342;24.76780446093262;1.1117959617428268;20.300352763312617
sw;0.6;0.01;0.6;0.001;7.684639239274824;24.80815653606694;1.1190731602660373;20.461903149339655
star;1;0.05;0.6;0.1;8.107632201883607;24.1109258931051;1.0968992248062015;19.66606997558991
koh;0.6;0.1;0.1;0.01;7.944668814788958;25.145757511668897;1.1275134870034331;22.677425408144117
star;0.3;0.01;0.6;0.001;7.583782193459311;24.828171698042297;1.0952879581151833;20.067751577548986
star;0.6;0.01;0.1;0.1;7.993111410212109;24.347659041000867;1.125349387228553;20.49313210106834
star;1;0.1;0.6;0.001;8.054383720124495;25.137739398908447;1.1084695393759287;22.840294840294842
star;0.6;0.1;0.6;0.1;8.227153559133923;24.050387335423487;1.0888888888888888;19.637309067273318
star;0.6;0.05;0.6;0.001;7.723116085707952;25.089606683522454;1.110054347826087;21.30230918385334
koh;1;0.01;0.1;0.1;9.966477196056985;22.622237247272757;1.126005361930295;21.119888150996154
star;0.6;0.1;0.1;0.001;8.371226729489539;25.099404590789174;1.0882430647291943;23.97302122594723
koh;0.6;0.01;0.1;0.001;7.697324362106474;25.19490798115485;1.1503488092374308;22.33789279112754
star;1;0.05;0.6;0.01;7.800558888097448;25.133362293765522;1.1097616865261228;21.51851851851852
sw;0.3;0.1;0.1;0.01;8.041064228710246;25.185123755986645;1.1214177978883861;23.106692160611853
star;0.6;0.01;0.6;0.001;7.589054464575286;25.011231198418805;1.1088094199738334;20.71088260497001
koh;0.3;0.01;0.6;0.001;7.774708343671387;24.610277930006976;1.187361419068736;20.976913730255163
star;0.6;0.01;0.3;0.1;8.043067298854067;24.15444931353456;1.10014364867638;19.77548682703322
star;0.6;0.05;0.1;0.1;8.07491218191824;24.256010487986458;1.123234916559692;20.416962324717012

